PortofPeriPeri_jpg.rf.06fa4abfc5c3410e2c22f1bb18124a08.jpg 54,243,135,324,0 47,394,340,503,0 43,556,329,658,0 46,716,337,819,0 49,880,335,980,0 522,881,804,986,0 516,717,789,824,0 516,559,793,647,0 518,404,761,484,0 521,242,816,322,0
breakfast-menu-6-10_orig_jpg.rf.1258cbeb4fcb1a3646717924fcde01e2.jpg 287,114,587,190,0 293,201,579,261,0 296,269,590,399,0 290,410,590,511,0 290,523,593,599,0 288,611,595,720,0 61,235,256,256,0 62,259,242,277,0 38,281,275,296,0 100,298,211,316,0 97,319,214,337,0 57,336,254,358,0 119,360,194,376,0 49,374,263,394,0 26,392,282,412,0 75,414,234,430,0 40,430,267,459,0
Breakfast-Page-1_png.rf.13576831b754a37e03a3486170618382.jpg 185,1005,738,1088,0 184,1102,731,1190,0 190,1207,726,1299,0 184,1313,725,1389,0 186,1414,722,1493,0 181,1507,731,1623,0 179,1634,734,1741,0 178,1752,730,1821,0 807,1737,1360,1801,0 808,1625,1364,1714,0 808,1504,1370,1620,0 813,1406,1366,1495,0 810,1313,1365,1400,0 816,1215,1355,1308,0 819,1106,1367,1208,0 815,1012,1373,1090,0
Dinner-Page-1_png.rf.c4c39847ca02148a766a6cf830a97592.jpg 193,1007,733,1088,0 193,1103,744,1193,0 192,1215,752,1304,0 188,1312,741,1391,0 185,1402,741,1495,0 177,1503,737,1586,0 180,1605,739,1684,0 188,1693,747,1777,0 188,1778,734,1883,0 801,1345,1372,1447,0 808,1277,1363,1334,0 812,1178,1364,1266,0 805,1103,1369,1171,0 803,1005,1362,1101,0
march-2022-3_orig_png.rf.3c79e6d6a06162331b2c8d99642c1846.jpg 59,169,255,195,0 57,197,257,242,0 54,249,251,319,0 53,319,256,376,0 52,388,248,462,0 58,467,251,566,0 62,589,240,688,0 273,590,554,631,0 271,634,553,683,0 290,479,540,537,0 284,434,528,479,0 279,392,554,437,0 279,354,543,393,0 278,306,551,357,0 274,270,546,311,0 281,222,546,269,0 272,170,552,224,0
Cinnamons-KAILUA-May-2023-5-Page-01-02-scaled_jpg.rf.8e99dcc5385671194dd14d35c7c3218f.jpg 115,341,1836,573,0 115,589,1853,935,0 379,1066,1639,1249,0 117,1246,1853,1380,0 124,1394,1842,1468,0 117,1480,1843,1560,0 117,1574,1866,1652,0 131,1667,1860,1818,0
61948bdcdd76e_jpg.rf.d1e94566285fec2605286c3bf20a21aa.jpg 225,955,858,1256,0 897,952,1581,1268,0 1609,952,2325,1251,0 173,1416,891,1849,0 946,1419,1612,1775,0 1638,1390,2350,1783,0 548,1889,1264,2290,0 1318,1892,2145,2147,0 375,2725,1212,3071,0 1231,2722,2153,3039,0
2021-menu-1_jpg.rf.9cb9fd7087ac4d70a358ba60a8865f63.jpg 329,209,879,243,0 329,247,880,275,0 331,279,878,303,0 334,309,880,334,0 336,336,878,365,0 337,368,873,396,0 336,400,874,424,0 334,429,875,452,0 337,458,872,486,0 325,487,873,518,0 323,519,874,546,0 324,548,873,576,0 322,579,874,609,0 321,613,875,660,0 60,836,630,869,0 61,870,632,898,0 64,898,630,925,0 61,926,627,959,0 61,962,628,989,0 66,992,635,1019,0 64,1020,628,1045,0 62,1050,633,1081,0 59,1084,632,1116,0
THEBORDER2_jpg.rf.73dfcdf20b62261d97b7e557c2b82b2d.jpg 16,91,247,112,0 21,118,247,135,0 23,142,257,162,0 7,164,249,187,0 12,188,244,205,0 17,211,243,230,0 259,328,468,376,0 262,380,465,398,0 259,404,462,469,0 260,477,455,543,0 466,329,674,430,0 260,647,462,672,0 261,671,475,735,0 258,736,465,780,0 258,776,466,797,0 253,801,483,833,0 468,652,684,702,0 471,704,681,805,0 19,674,241,796,0 10,403,219,500,0 11,963,238,1078,0
Gilligans-Menu-November-2022_Page_01_jpg.rf.3e4b57e671d51de629853d6e00578167.jpg 62,426,481,504,0 70,522,465,619,0 522,92,1021,199,0 542,218,1000,291,0 552,300,1054,393,0 552,402,1047,491,0 558,498,989,598,0 66,896,462,958,0 62,968,558,1046,0 72,1048,424,1150,0 550,924,956,1012,0 570,1026,1077,1102,0 554,1108,1020,1191,0 568,1192,1007,1274,0 550,1280,1019,1365,0 560,1372,1024,1484,0 568,1486,1039,1584,0 66,1344,536,1429,0 54,1436,467,1535,0 56,1552,547,1626,0 70,1632,507,1730,0 54,1730,493,1794,0 62,1798,485,1887,0 66,1902,541,1996,0 557,1970,964,2078,0 556,1898,1046,1970,0 546,1812,907,1897,0 548,1716,833,1822,0 1120,1734,1412,1800,0 1124,1804,1486,1881,0 1122,1886,1602,1951,0 1134,1958,1596,2045,0 848,2116,1211,2219,0 1212,2116,1530,2232,0
PN_MenuFinal2-2-scaled_jpg.rf.03465de4a63e4d944ee560aa4506eb09.jpg 156,100,813,326,0 132,324,854,481,0 152,500,803,775,0 162,814,794,941,0 152,1536,818,1612,0 124,1616,826,1690,0 134,1812,847,1895,0 134,2026,821,2101,0 114,2092,828,2153,0 880,422,1504,686,0 838,670,1485,715,0 844,720,1480,743,0 834,750,1473,782,0 844,786,1460,817,0 838,822,1461,851,0 848,852,1462,890,0 840,886,1487,924,0 844,924,1477,961,0 838,956,1479,985,0 842,990,1483,1024,0 836,1030,1474,1057,0 848,1060,1469,1093,0 834,1088,1500,1147,0 854,1180,1488,1343,0 860,1354,1474,1553,0 838,1562,1508,1755,0 858,1778,1464,1949,0 856,1972,1508,2152,0 902,2164,1425,2431,0 118,2190,815,2406,0
5ce7d58943268_jpg.rf.e61f7799fc118a4f2cfd1a921be3ab3e.jpg 270,290,1310,399,0 744,513,1142,541,0 743,544,1139,578,0 743,584,1478,861,0 262,996,624,1040,0 257,1043,662,1086,0 230,1090,1054,1167,0 240,1171,1164,1323,0 227,1332,896,1415,0 205,1419,1024,1505,0 211,1512,1014,1592,0 207,1597,760,1684,0
Toast-Menu-011723_jpg.rf.d43c236efe7305d1b5708311efedbc2d.jpg 11,190,338,252,0 11,259,354,313,0 7,317,349,368,0 547,172,788,229,0 548,247,791,294,0 544,318,789,368,0 4,396,247,459,0 4,464,245,516,0 2,519,244,572,0 4,577,246,634,0 4,638,244,713,0 278,456,517,521,0 277,527,520,586,0 278,590,516,642,0 550,398,791,478,0 549,485,795,539,0 548,544,789,589,0 549,595,790,663,0 543,671,792,720,0 10,837,379,892,0 11,895,383,938,0 10,941,381,996,0 9,1000,378,1043,0 11,1048,379,1107,0 12,1113,374,1157,0 13,1161,374,1218,0 409,738,752,804,0 411,811,753,865,0 410,871,748,921,0 410,928,752,977,0 418,1019,749,1073,0 418,1077,744,1133,0 417,1141,748,1195,0
bonsais-menu-p1_jpg.rf.8f07cc238bbcc93d070200c669670f68.jpg 28,194,474,219,0 29,223,468,251,0 28,258,472,283,0 26,340,471,367,0 24,373,472,399,0 25,398,471,430,0 21,686,465,719,0 21,721,476,737,0 26,744,472,779,0 24,783,474,810,0 26,816,464,842,0 29,845,460,875,0 28,881,465,904,0 29,906,473,937,0 28,938,469,967,0 29,972,469,1004,0 35,1057,480,1084,0 33,1092,473,1110,0 38,1114,470,1145,0 32,1149,465,1175,0
Watercolor-Restaurant-Lunch-Menu-543x768_png.rf.73729daea8b9bf663f6782dca9c710c5.jpg 83,273,326,285,0 84,288,325,301,0 84,302,327,316,0 85,318,332,330,0 86,332,330,345,0 86,348,329,361,0 83,434,324,445,0 82,448,327,461,0 81,462,324,476,0 83,478,323,492,0 83,494,323,506,0 81,508,326,521,0