0 0.6492150537634408 0.18835833333333332 0.5910537634408601 0.02874166666666667
0 0.6497849462365591 0.21771666666666667 0.5921935483870968 0.02345833333333333
0 0.6498387096774194 0.24245 0.5880537634408602 0.020391666666666666
0 0.6523870967741936 0.26800833333333335 0.5868064516129032 0.020616666666666665
0 0.6524731182795699 0.292025 0.582731182795699 0.024341666666666668
0 0.6503333333333333 0.3186083333333333 0.5763333333333334 0.023341666666666667
0 0.6502150537634409 0.34335 0.5782150537634408 0.020308333333333334
0 0.6498924731182796 0.36745 0.5818279569892474 0.019258333333333332
0 0.6497419354838709 0.39315833333333333 0.5751612903225807 0.023091666666666667
0 0.6439892473118279 0.418625 0.5890860215053764 0.026416666666666665
0 0.6435806451612903 0.44366666666666665 0.592494623655914 0.022324999999999998
0 0.643494623655914 0.46795 0.5901935483870968 0.0233
0 0.6431720430107527 0.49517500000000003 0.5937956989247312 0.02521666666666667
0 0.6428602150537635 0.5302333333333333 0.5952795698924731 0.03953333333333333
0 0.37089247311827955 0.710325 0.6125913978494624 0.027124999999999996
0 0.3726559139784946 0.7363916666666667 0.6140107526881721 0.023450000000000002
0 0.3730967741935484 0.7595833333333334 0.6085376344086022 0.022233333333333334
0 0.36974193548387096 0.7851833333333333 0.6081827956989247 0.027475
0 0.37049462365591396 0.8131166666666667 0.6096881720430107 0.022616666666666667
0 0.37709677419354837 0.8376083333333333 0.6123010752688173 0.022350000000000002
0 0.3720967741935484 0.8604166666666667 0.6065268817204301 0.02036666666666667
0 0.3737741935483871 0.887725 0.6141290322580645 0.02575
0 0.3716129032258065 0.9166583333333334 0.6161505376344086 0.026175