0 0.4113125 0.134625 0.5415364583333333 0.04240234375
0 0.490921875 0.20584765625 0.20733854166666665 0.01101953125
0 0.49026041666666664 0.21923046875000002 0.20630208333333336 0.013175781249999999
0 0.5785364583333333 0.28212109375 0.38284375 0.10808984375
0 0.23079166666666667 0.39759375 0.18871354166666665 0.01726171875
0 0.239390625 0.41589453125000003 0.21083854166666666 0.016875
0 0.3344010416666666 0.4409140625 0.42880729166666665 0.029929687500000003
0 0.36546875 0.4871484375 0.48107812499999997 0.05951953125
0 0.29263020833333336 0.53657421875 0.3485520833333334 0.032625
0 0.32016666666666665 0.57097265625 0.426640625 0.03361328125
0 0.3190416666666666 0.606125 0.41781770833333337 0.03118359375
0 0.25165625 0.6408203125 0.28796875 0.03399609375