0 0.7075404530744337 0.18995 0.4852912621359224 0.095225
0 0.705663430420712 0.2885875 0.46200647249190935 0.0757125
0 0.7162944983818771 0.4176625 0.4759385113268608 0.1623125
0 0.7119255663430422 0.5755 0.4867637540453074 0.1254625
0 0.7144012944983819 0.701125 0.4892556634304207 0.0958
0 0.7145631067961166 0.8319124999999999 0.49690938511326854 0.1368125
0 0.2562621359223301 0.3064 0.31485436893203883 0.0265125
0 0.24550161812297736 0.33465000000000006 0.2908899676375405 0.0226875
0 0.25260517799352755 0.3602375 0.3832038834951456 0.019175
0 0.25101941747572815 0.38372500000000004 0.17990291262135924 0.022787500000000002
0 0.25158576051779935 0.41009999999999996 0.19079288025889968 0.022775
0 0.2520873786407767 0.43412500000000004 0.3187216828478964 0.027450000000000002
0 0.2531391585760518 0.45958750000000004 0.1206957928802589 0.019925
0 0.2526537216828479 0.47973750000000004 0.3466990291262136 0.024425
0 0.24928802588996765 0.5024625 0.4155987055016181 0.024612500000000002
0 0.24988673139158576 0.5276625 0.2581877022653722 0.02035
0 0.2483818770226537 0.5552875 0.3674271844660194 0.036000000000000004