0 0.1625988023952096 0.181546875 0.2509461077844311 0.03028125
0 0.16004191616766467 0.22282421874999997 0.23624550898203592 0.037839843750000005
0 0.4618323353293413 0.05689062499999999 0.2985149700598802 0.041910156250000004
0 0.4617065868263473 0.09938671875 0.2743173652694611 0.0284609375
0 0.4808922155688623 0.13544140625 0.3007125748502994 0.0365078125
0 0.4787185628742515 0.17444140625 0.29635928143712575 0.0348203125
0 0.4631077844311377 0.214015625 0.2579580838323353 0.03896484375
0 0.1581556886227545 0.3621875 0.23726946107784433 0.02437890625
0 0.1857005988023952 0.39342968749999996 0.2971437125748503 0.030605468749999996
0 0.14853293413173654 0.42935937500000004 0.21084431137724552 0.03997265625
0 0.45077245508982033 0.3780625 0.2428562874251497 0.03424609375
0 0.4930119760479042 0.41562109375 0.30338922155688625 0.029679687500000003
0 0.47124550898203593 0.449 0.2790119760479042 0.032375
0 0.4716107784431138 0.48160546875000004 0.2629760479041916 0.031960937499999995
0 0.46978443113772456 0.51659375 0.28088622754491016 0.033183593750000004
0 0.4743772455089821 0.55777734375 0.2780898203592814 0.043675781250000004
0 0.48121556886227546 0.59968359375 0.28219161676646703 0.0384296875
0 0.18011976047904193 0.5416484374999999 0.28119760479041916 0.033296875
0 0.15585628742514968 0.5803476562500001 0.24704191616766466 0.038820312499999995
0 0.1805688622754491 0.62065234375 0.29406586826347303 0.0288046875
0 0.17278443113772457 0.65655859375 0.2617305389221557 0.0381171875
0 0.1636946107784431 0.68834375 0.2627125748502994 0.025124999999999998
0 0.16365269461077844 0.71963671875 0.2530538922155689 0.034585937500000004
0 0.18180239520958086 0.76124609375 0.284562874251497 0.03655859375
0 0.4553353293413173 0.79054296875 0.24382035928143714 0.04235546875
0 0.47953892215568866 0.75551953125 0.2932095808383234 0.028230468749999998
0 0.4351556886227545 0.72449609375 0.2164191616766467 0.033371093750000004
0 0.4134251497005988 0.690984375 0.170562874251497 0.04134375
0 0.7580778443113773 0.6902109375000001 0.1748383233532934 0.025734374999999997
0 0.7814610778443114 0.719703125 0.216814371257485 0.03003125
0 0.8155928143712574 0.7494375 0.2874670658682635 0.025437500000000002
0 0.8173532934131736 0.7817734375 0.27662874251497005 0.033859375000000004
0 0.6163952095808384 0.8467343749999999 0.21721556886227544 0.04033984375
0 0.8209461077844311 0.84921875 0.19040119760479043 0.0453125