0 0.2540453074433657 0.2275625 0.3175080906148867 0.0329
0 0.2539644012944984 0.2742875 0.3245307443365696 0.056912500000000005
0 0.24676375404530745 0.3547 0.31733009708737864 0.08717499999999999
0 0.250210355987055 0.4344125 0.327831715210356 0.0716125
0 0.24279935275080908 0.5313875 0.31660194174757283 0.09332499999999999
0 0.24988673139158576 0.6452 0.31278317152103563 0.123725
0 0.24454692556634303 0.797775 0.28771844660194174 0.1233125
0 0.6693042071197411 0.76325 0.45404530744336574 0.0515125
0 0.6669417475728155 0.82365 0.45650485436893207 0.061187500000000006
0 0.6714239482200647 0.63475 0.40432038834951456 0.07226250000000001
0 0.657168284789644 0.5709125 0.39380258899676374 0.0557
0 0.674093851132686 0.5185125 0.44561488673139155 0.056475
0 0.6648705501618123 0.46745 0.42718446601941745 0.048787500000000004
0 0.6705177993527508 0.4138125 0.4420711974110032 0.0637375
0 0.6636245954692557 0.36295 0.43907766990291264 0.0509
0 0.6692556634304208 0.307 0.4287864077669903 0.058449999999999995
0 0.6671844660194175 0.2462375 0.4533980582524272 0.0674875