0 0.30069522036002483 0.08317578125 0.4077219118559901 0.08823046875
0 0.305903165735568 0.1572734375 0.44793916821849783 0.061421875
0 0.2962693978895096 0.2490703125 0.4038423339540658 0.107515625
0 0.29662321539416514 0.34284765625 0.3921291123525761 0.0497578125
0 0.3011173184357542 0.6148359375 0.41353196772191186 0.029667968750000002
0 0.29471756672873994 0.64570703125 0.43549348230912477 0.028914062499999997
0 0.3044444444444444 0.7240390624999999 0.4425387957790192 0.032449218749999995
0 0.2965425201738051 0.8060234375 0.42672873991309745 0.029234375
0 0.29236499068901306 0.8290429687499999 0.4432091868404717 0.0237109375
0 0.7400124146492862 0.21634375 0.38753569211669775 0.10300390625
0 0.7211111111111111 0.27048828125 0.4018684047175667 0.01753515625
0 0.7213345747982619 0.28580078124999997 0.3948789571694599 0.0091015625
0 0.7161700806952204 0.29913671875 0.3969522036002483 0.0123359375
0 0.715027932960894 0.31311328125000004 0.3822532588454376 0.012167968749999999
0 0.7134078212290502 0.32679296875 0.3864618249534451 0.0113984375
0 0.7169584109248913 0.34016015624999996 0.3811545623836126 0.014699218750000001
0 0.7221973929236499 0.35345703125 0.4015704531346989 0.014726562500000002
0 0.7202172563625078 0.36815234375 0.3926381129733085 0.014433593750000001
0 0.7192240844196152 0.37910546875 0.3981005586592179 0.0113359375
0 0.7217256362507759 0.39344140625 0.3981378026070763 0.01344140625
0 0.7170142768466791 0.407546875 0.3961638733705773 0.01040625
0 0.7190378646803227 0.4204296875 0.3853134698944755 0.01273828125
0 0.7244630664183737 0.43659375 0.413544382371198 0.0231875
0 0.7267349472377406 0.49271484374999996 0.39325884543761636 0.0635546875
0 0.7243947858472998 0.56773828125 0.38112352576039726 0.07766406249999999
0 0.7279764121663563 0.64790625 0.41561142147734326 0.07549609375
0 0.7205400372439479 0.72800390625 0.37590937306021105 0.06694531249999999
0 0.7338423339540658 0.8055625 0.4049968963376785 0.0705
0 0.722364990689013 0.8975156249999999 0.3249348230912477 0.10440624999999999
0 0.2894599627560521 0.89774609375 0.4324332712600869 0.08455859375