0 0.217825 0.16877099236641221 0.40875 0.04732824427480916
0 0.22787500000000002 0.21844274809160308 0.4288375 0.04125954198473282
0 0.22285 0.2617786259541985 0.427775 0.03895419847328244
0 0.8342624999999999 0.15309923664122138 0.3011375 0.0433587786259542
0 0.8367249999999999 0.20679389312977098 0.30381250000000004 0.0357557251908397
0 0.8332875 0.26213740458015267 0.3059 0.03830534351145038
0 0.15685000000000002 0.3263129770992367 0.3047375 0.047549618320610686
0 0.1560375 0.37390839694656486 0.3008625 0.04007633587786259
0 0.1537 0.41665648854961834 0.302925 0.04069465648854962
0 0.15592499999999998 0.46238931297709923 0.302875 0.04317557251908397
0 0.1554625 0.5154503816793893 0.2997125 0.05758778625954198
0 0.49698749999999997 0.3727022900763359 0.299075 0.04997709923664122
0 0.49823749999999994 0.42494656488549615 0.3038 0.04495419847328244
0 0.4965375 0.4702442748091603 0.2981625 0.039725190839694655
0 0.8378874999999999 0.3342213740458015 0.30165 0.06062595419847328
0 0.84015 0.39106106870229007 0.3084125 0.04151908396946565
0 0.83575 0.43242748091603056 0.30186250000000003 0.03390839694656489
0 0.836425 0.48035114503816795 0.3009625 0.05172519083969466
0 0.83455 0.5308931297709923 0.31065000000000004 0.03781679389312977
0 0.2433 0.6600839694656488 0.46195 0.04158778625954198
0 0.2462 0.6996870229007633 0.46549999999999997 0.033167938931297714
0 0.244 0.739381679389313 0.4633375 0.04137404580152672
0 0.2418 0.7798244274809161 0.4611875 0.033282442748091605
0 0.24377500000000002 0.8224045801526717 0.46065 0.04451145038167939
0 0.2411875 0.8664580152671756 0.45323749999999996 0.03406106870229007
0 0.24197500000000002 0.9081068702290076 0.4503375 0.04343511450381679
0 0.7253375 0.5885648854961832 0.4284875 0.05048854961832061
0 0.7275875 0.6395190839694657 0.4285 0.04151908396946565
0 0.7233499999999999 0.6839160305343511 0.422275 0.038587786259541984
0 0.7261124999999999 0.727 0.4278 0.03715267175572519
0 0.7289875000000001 0.7984580152671756 0.413375 0.04180152671755725
0 0.726075 0.8435648854961831 0.40755 0.04303053435114504
0 0.7277750000000001 0.891854961832061 0.4132 0.04104580152671756