0 0.3760220994475138 0.36333333333333334 0.4471270718232044 0.016458333333333335
0 0.37650092081031306 0.383046875 0.44268876611418045 0.016575520833333333
0 0.37904235727440144 0.40246093749999995 0.44777163904235723 0.017369791666666665
0 0.3837569060773481 0.4215625 0.45360957642725597 0.014986979166666666
0 0.38272559852670346 0.4410416666666667 0.44976058931860036 0.0171484375
0 0.38241252302025786 0.46141927083333334 0.44734806629834256 0.017330729166666666
0 0.37465930018416205 0.572265625 0.442596685082873 0.013268229166666666
0 0.3769797421731123 0.5917708333333334 0.45081031307550645 0.018046875
0 0.3730570902394107 0.6106119791666667 0.44834254143646407 0.017682291666666666
0 0.3734438305709024 0.6311067708333333 0.4419521178637201 0.0180859375
0 0.3733885819521179 0.6508203124999999 0.441841620626151 0.01567708333333333
0 0.37491712707182323 0.6697395833333334 0.45209944751381215 0.016744791666666665