0 0.2866666666666667 0.0531496062992126 0.4066666666666667 0.1062992125984252
0 0.2916666666666667 0.0625984251968504 0.39666666666666667 0.1251968503937008
0 0.245 0.046850393700787404 0.49 0.09370078740157481
0 0.2927777777777778 0.09527559055118111 0.39444444444444443 0.19055118110236222
0 0.15333333333333332 0.2503937007874016 0.30666666666666664 0.31811023622047246
0 0.15333333333333332 0.27283464566929133 0.30666666666666664 0.30787401574803147
0 0.15722222222222224 0.2940944881889764 0.31444444444444447 0.31417322834645667
0 0.16166666666666665 0.31811023622047246 0.3233333333333333 0.3228346456692913
0 0.16055555555555556 0.3389763779527559 0.3211111111111111 0.3015748031496063
0 0.17222222222222222 0.3452755905511811 0.34444444444444444 0.2889763779527559
0 0.21833333333333332 0.3858267716535433 0.43666666666666665 0.19055118110236222
0 0.16722222222222222 0.36929133858267715 0.33444444444444443 0.2409448818897638
0 0.16333333333333333 0.3838582677165354 0.32666666666666666 0.21181102362204723
0 0.7333418493416993 0.18229787166466327 0.4279977934030608 0.3049712645067329
0 0.7508589002715215 0.28215752246258125 0.4055338208211322 0.28896448543041264
0 0.7716666666666666 0.3551181102362205 0.3788888888888889 0.2692913385826772
0 0.7638888888888888 0.4153543307086614 0.44333333333333336 0.14881889763779527
0 0.7811111111111111 0.46062992125984253 0.3933333333333333 0.05826771653543307
0 0.08611111111111111 0.8248031496062992 0.17222222222222222 0.24960629921259841
0 0.09 0.8476377952755906 0.18 0.2543307086614173
0 0.08777777777777777 0.8692913385826772 0.17555555555555555 0.2440944881889764
0 0.12611111111111112 0.8901574803149607 0.25222222222222224 0.12992125984251968
0 0.13277777777777777 0.9078740157480315 0.26555555555555554 0.14015748031496064
0 0.12333333333333334 0.9236220472440945 0.24666666666666667 0.12755905511811025
0 0.1272222222222222 0.9366141732283465 0.2544444444444444 0.12677165354330708
0 0.10611111111111111 0.9358267716535433 0.21222222222222223 0.1283464566929134
0 0.10722222222222222 0.944488188976378 0.21444444444444444 0.1110236220472441
0 0.105 0.9610236220472441 0.21 0.07795275590551182
0 0.39666666666666667 0.9582677165354331 0.18666666666666668 0.08346456692913386
0 0.39555555555555555 0.9409448818897638 0.18888888888888888 0.08031496062992126
0 0.39111111111111113 0.926771653543307 0.19777777777777777 0.08661417322834646
0 0.3927777777777778 0.9106299212598425 0.19444444444444445 0.07952755905511812
0 0.3888888888888889 0.8968503937007875 0.20222222222222222 0.08503937007874016
0 0.38666666666666666 0.8803149606299212 0.20666666666666667 0.08188976377952756
0 0.38333333333333336 0.8653543307086614 0.21333333333333335 0.08503937007874016
0 0.38222222222222224 0.8484251968503937 0.21555555555555556 0.08740157480314961
0 0.38166666666666665 0.834251968503937 0.21666666666666667 0.08582677165354331
0 0.3794444444444444 0.8200787401574803 0.22111111111111112 0.08425196850393701
0 0.37722222222222224 0.8066929133858268 0.22555555555555556 0.08425196850393701
0 0.37222222222222223 0.7905511811023622 0.23555555555555555 0.08818897637795275
0 0.3761111111111111 0.775984251968504 0.22777777777777777 0.07952755905511812
0 0.37 0.7594488188976378 0.24 0.08582677165354331
0 0.3661111111111111 0.7385826771653543 0.2477777777777778 0.09921259842519685
0 0.36333333333333334 0.6748031496062992 0.25333333333333335 0.08818897637795275
0 0.3622222222222222 0.6590551181102362 0.25555555555555554 0.08188976377952756
0 0.3572222222222222 0.6448818897637796 0.26555555555555554 0.08503937007874016
0 0.35388888888888886 0.6322834645669292 0.2722222222222222 0.08976377952755905
0 0.3522222222222222 0.6141732283464567 0.27555555555555555 0.08503937007874016
0 0.3522222222222222 0.5988188976377953 0.27555555555555555 0.08582677165354331
0 0.3511111111111111 0.5846456692913385 0.2777777777777778 0.08425196850393701
0 0.3488888888888889 0.5696850393700787 0.2822222222222222 0.08425196850393701
0 0.3466666666666667 0.5547244094488188 0.2866666666666667 0.08740157480314961
0 0.34555555555555556 0.539763779527559 0.28888888888888886 0.08267716535433071
0 0.3438888888888889 0.5291338582677165 0.2922222222222222 0.07874015748031496
0 0.33944444444444444 0.5208661417322835 0.3011111111111111 0.06220472440944882
0 0.3377777777777778 0.5137795275590551 0.30444444444444446 0.048031496062992125
0 0.5766666666666667 0.5224409448818897 0.17333333333333334 0.06535433070866142
0 0.5894444444444444 0.5480314960629922 0.1988888888888889 0.11653543307086614
0 0.5916666666666667 0.5696850393700787 0.20333333333333334 0.15984251968503937
0 0.5661111111111111 0.6145669291338582 0.15222222222222223 0.1125984251968504
0 0.555 0.6637795275590551 0.13 0.15905511811023623
0 0.5594444444444444 0.7062992125984252 0.1388888888888889 0.15748031496062992
0 0.5805555555555556 0.7515748031496063 0.1811111111111111 0.1094488188976378
0 0.5744444444444444 0.8035433070866141 0.1688888888888889 0.16771653543307086
0 0.8061999945203219 0.6006148598251725 0.22589324340100952 0.16169765439465406
0 0.8197983127057941 0.6520685665991348 0.2963503066683077 0.12129221848931163
0 0.82841070121816 0.6974983631838982 0.21872815408719967 0.15585548047996006
0 0.6516666666666666 0.90748031496063 0.3233333333333333 0.18503937007874016
0 0.685 0.9484251968503937 0.39 0.1031496062992126
0 0.6694444444444444 0.9476377952755906 0.3211111111111111 0.1047244094488189
0 0.6772222222222222 0.9708661417322835 0.30333333333333334 0.05826771653543307
0 0.9294444444444444 0.7716535433070866 0.1411111111111111 0.13070866141732285
0 0.9372222222222222 0.8220472440944881 0.12555555555555556 0.12125984251968504
0 0.9422222222222222 0.8665354330708661 0.11555555555555555 0.1173228346456693
0 0.9472222222222222 0.9090551181102362 0.10555555555555556 0.115748031496063