0 0.4077568134171908 0.2712014134275618 0.12368972746331237 0.196113074204947
0 0.39255765199161424 0.26943462897526504 0.1540880503144654 0.19964664310954064
0 0.43972746331236895 0.21996466431095407 0.059748427672955975 0.29858657243816256
0 0.36530398322851154 0.26855123674911663 0.20859538784067086 0.20141342756183744
0 0.3469601677148847 0.2667844522968198 0.24528301886792453 0.2049469964664311
0 0.3307127882599581 0.26545936395759717 0.2777777777777778 0.20759717314487633
0 0.3118448637316562 0.26104240282685515 0.31551362683438156 0.21643109540636044
0 0.29874213836477986 0.2619257950530035 0.3417190775681342 0.2146643109540636
0 0.2772536687631027 0.2142226148409894 0.18972746331236898 0.31007067137809186
0 0.2458071278825996 0.2592756183745583 0.3742138364779874 0.21996466431095407
0 0.2148846960167715 0.2588339222614841 0.3689727463312369 0.22084805653710246
0 0.18134171907756813 0.2592756183745583 0.36058700209643607 0.21996466431095407
0 0.16037735849056603 0.25618374558303886 0.32075471698113206 0.22614840989399293
0 0.940251572327044 0.14929328621908128 0.11740041928721175 0.29858657243816256
0 0.8825995807127882 0.11219081272084806 0.2348008385744235 0.22438162544169613
0 0.8694968553459119 0.11086572438162544 0.2610062893081761 0.22173144876325088
0 0.8485324947589099 0.14531802120141343 0.09748427672955975 0.29063604240282687
0 0.8223270440251572 0.10379858657243816 0.27568134171907754 0.20759717314487633
0 0.8034591194968553 0.10556537102473498 0.2693920335429769 0.21113074204946997
0 0.7835429769392034 0.10512367491166077 0.27568134171907754 0.21024734982332155
0 0.7023060796645703 0.10424028268551237 0.29559748427672955 0.20848056537102475
0 0.6802935010482181 0.10159010600706714 0.28721174004192873 0.20318021201413428
0 0.6640461215932913 0.13648409893992933 0.13941299790356393 0.27296819787985865
0 0.6451781970649895 0.0989399293286219 0.27358490566037735 0.1978798586572438
0 0.6341719077568134 0.09717314487632508 0.24947589098532494 0.19434628975265017
0 0.6226415094339622 0.09363957597173145 0.22641509433962265 0.1872791519434629
0 0.6121593291404612 0.09496466431095406 0.20545073375262055 0.18992932862190812
0 0.5303983228511531 0.12853356890459364 0.05660377358490566 0.2570671378091873
0 0.5681341719077568 0.09054770318021202 0.11740041928721175 0.18109540636042404
0 0.5628930817610063 0.09098939929328621 0.1069182389937107 0.18197879858657243
0 0.55083857442348 0.0896643109540636 0.08280922431865828 0.1793286219081272
0 0.5408805031446541 0.08701413427561837 0.06289308176100629 0.17402826855123674
0 0.35953878406708595 0.8418727915194346 0.11740041928721175 0.31625441696113077
0 0.3270440251572327 0.8696996466431095 0.2851153039832285 0.23233215547703182
0 0.29829481815027786 0.8700909038570475 0.2796565160254458 0.2267317586872381
0 0.26781970649895176 0.8374558303886925 0.09748427672955975 0.3250883392226148
0 0.24234993566348556 0.858312334600584 0.2751459270572933 0.22307479483744375
0 0.2229500829883055 0.863468258080846 0.26950769084710285 0.21850359002520128
0 0.20335947641360858 0.8606890758939227 0.2750664978446053 0.22219140261129533
0 0.13469601677148846 0.8502650176678446 0.2693920335429769 0.2393992932862191
0 0.12159329140461216 0.8480565371024735 0.2431865828092243 0.2332155477031802
0 0.08333333333333333 0.8361307420494699 0.13941299790356393 0.32773851590106007
0 0.10062893081761007 0.8467314487632509 0.20125786163522014 0.2252650176678445
0 0.08909853249475891 0.8476148409893993 0.17819706498951782 0.21643109540636044
0 0.07756813417190776 0.8436395759717314 0.15513626834381553 0.21024734982332155
0 0.06708595387840671 0.8480565371024735 0.13417190775681342 0.2067137809187279
0 0.023060796645702306 0.8431978798586572 0.04612159329140461 0.19876325088339222
0 0.01781970649895178 0.8409893992932862 0.03563941299790356 0.2049469964664311
0 0.016247379454926623 0.5039752650176679 0.03249475890985325 0.16342756183745583
0 0.048414353757575065 0.5094340840211079 0.07382551236444784 0.26296483828233563
0 0.07369073028100956 0.5114995420315337 0.06326390285825881 0.26177295869318595
0 0.09440898409774452 0.5151929651809056 0.07099857512714948 0.2664058609780288
0 0.11525420086571464 0.5144848515676856 0.06318447364557082 0.26088956646703754
0 0.13593274007610565 0.5177365786039835 0.06769506261372318 0.2645465303168316
0 0.15862828613250887 0.520166610886733 0.06462983773836085 0.26533737633407967
0 0.17769478369253072 0.5229303687055065 0.06583691419308695 0.2671350095226766
0 0.200835009550921 0.5244924331302577 0.06995035709779937 0.2663750122417287
0 0.2218390847442671 0.5255511039693346 0.0697914986724234 0.2646082277894319
0 0.24138997671261997 0.5278885900431838 0.06672627379706118 0.2653990738066799
0 0.26033733045360985 0.5293272595227345 0.06462983773836098 0.2653373763340797
0 0.283231449541733 0.5339657723708552 0.0703475031612393 0.2707919733724708
0 0.30186108643197096 0.5318708729458124 0.061167466799558715 0.26171126122058563
0 0.3263672471704633 0.5369973550114573 0.06599577261846291 0.26890179397497344
0 0.3558364958112982 0.5391862079670836 0.0859119151761149 0.26948791996467597
0 0.43763102725366876 0.5432862190812721 0.0639412997903564 0.26325088339222613
0 0.45125786163522014 0.5454946996466431 0.03668763102725367 0.2623674911660777
0 0.4612159329140461 0.549469964664311 0.016771488469601678 0.2667844522968198
0 0.7882599580712788 0.948321554770318 0.25366876310272535 0.10335689045936396
0 0.6215932914046122 0.9456713780918727 0.24737945492662475 0.10865724381625441
0 0.5 0.9191696113074205 0.06079664570230608 0.16166077738515902
0 0.5193920335429769 0.566696113074205 0.09958071278825996 0.19699646643109542
0 0.623211522508263 0.581280547459206 0.24357180428022687 0.19747604788888481
0 0.789807198039773 0.608650300825111 0.20861473977704625 0.16913457805298
0 0.9381551362683438 0.5980565371024735 0.12368972746331237 0.2756183745583039