0 0.6209150326797386 0.33308004052684903 0.15816993464052287 0.2507598784194529
0 0.6081699346405228 0.060536980749746706 0.052941176470588235 0.12107396149949341
0 0.5820261437908497 0.05369807497467072 0.14575163398692811 0.10739614994934144
0 0.5339869281045752 0.1453900709219858 0.1477124183006536 0.2907801418439716
0 0.4684365804295178 0.13785764565831835 0.3497917412759754 0.26801427481284834
0 0.4143790849673203 0.10536980749746708 0.09803921568627451 0.21073961499493415
0 0.36470588235294116 0.0972644376899696 0.2718954248366013 0.1945288753799392
0 0.31862745098039214 0.09295845997973658 0.26601307189542484 0.18591691995947315
0 0.2830065359477124 0.05192502532928065 0.20130718954248367 0.1038500506585613
0 0.9735294117647059 0.40070921985815605 0.052941176470588235 0.17831813576494426
0 0.9395424836601307 0.39463019250253295 0.08169934640522876 0.19047619047619047
0 0.8849746147227142 0.3931615518182569 0.09583851285798874 0.19291514497139506
0 0.8284728926278021 0.3913868596811507 0.08934819930224543 0.1949120151344602
0 0.9462239431311453 0.19863579254447436 0.08277802597232081 0.19336278600674497
0 0.8983484972435071 0.17663451624963608 0.08487902079469362 0.17057822233868206
0 0.8419111761333342 0.18651276682524798 0.07772039588991778 0.20093799237022641
0 0.7950805233872978 0.1761688540864492 0.08641438112055255 0.1807158290558158
0 0.7544647252376433 0.16559964721553494 0.06873309667951683 0.17911649703712496
0 0.7261437908496732 0.16033434650455927 0.05228758169934641 0.17477203647416414
0 0.7277777777777777 0.33156028368794327 0.05555555555555555 0.12006079027355623
0 0.6915032679738562 0.7581053698074974 0.01699346405228758 0.12613981762917933
0 0.5738562091503268 0.9270516717325228 0.12026143790849673 0.1458966565349544
0 0.5300653594771242 0.9442755825734549 0.16339869281045752 0.11144883485309018
0 0.4745098039215686 0.9219858156028369 0.11503267973856209 0.15602836879432624
0 0.38931350683748484 0.9296419481643087 0.17888589050045126 0.13706433445752123
0 0.21190650658269203 0.9123762694872166 0.16359081436100759 0.12534507909498227
0 0.15849673202614378 0.9052684903748733 0.11568627450980393 0.1894630192502533
0 0.09616723962731764 0.8996950816496053 0.09066679738389788 0.1954244952051906
0 0.06224876275775511 0.8965023120699854 0.06383518614547656 0.1937839019821668
0 0.03235294117647059 0.8953900709219859 0.06470588235294118 0.20921985815602837
0 0.16552780596111685 0.693299927217632 0.18391077938865097 0.21509325499908907
0 0.5021894638851251 0.7211631491945586 0.15004124471438549 0.1911334225166378
0 0.9526143790849673 0.767983789260385 0.09477124183006536 0.2867274569402229
0 0.9160130718954248 0.7649442755825735 0.16797385620915034 0.30192502532928067
0 0.9669934640522876 0.7621580547112462 0.06601307189542484 0.4675785207700101
0 0.8830065359477124 0.756079027355623 0.23398692810457516 0.2993920972644377
0 0.9205882352941176 0.7522796352583586 0.1588235294117647 0.46707193515704154
0 0.8503267973856209 0.7487335359675785 0.29934640522875816 0.3009118541033435
0 0.8641062976033183 0.744442678437342 0.12280007129717525 0.46149983116893833
0 0.85 0.7358156028368794 0.3 0.28419452887537994
0 0.8418300653594771 0.7317629179331308 0.28366013071895424 0.2862208713272543
0 0.8300653594771242 0.7279635258358662 0.2601307189542484 0.2968591691995947
0 0.7473856209150327 0.7259371833839919 0.09477124183006536 0.47213779128672745
0 0.7287581699346405 0.7239108409321175 0.05751633986928104 0.46808510638297873