0 0.04964539007092199 0.23454636091724826 0.09929078014184398 0.25872382851445663
0 0.03832335182447389 0.2957635123654613 0.02699187031817963 0.15978889025804444
0 0.05202327357845453 0.29548577596280784 0.10058638925712084 0.09857413186037255
0 0.11666410347513076 0.36457455023407637 0.22260609476081372 0.22029470018593036
0 0.23935067805494845 0.09982358028885252 0.03820113533988405 0.1452341433479298
0 0.25865523231978127 0.10722360502735316 0.09748791503576618 0.09647566495262051
0 0.2836202429101638 0.18043809214988976 0.08315392329328444 0.3305401353820057
0 0.33158915564028885 0.20454197742965438 0.10368656840815327 0.3745715358010917
0 0.3834141367472147 0.1496851260735642 0.16004700489828994 0.15838518256927542
0 0.41717325227963525 0.17123629112662014 0.20516717325227962 0.2048853439680957
0 0.45503509136363673 0.17135821164314247 0.0717731976338031 0.32218108407152785
0 0.4690982776089159 0.1203888334995015 0.10131712259371833 0.14307078763708872
0 0.581970023865809 0.12520140621698572 0.05549332586739283 0.16525028761175203
0 0.6204123313292145 0.15421753764052037 0.13137408871130005 0.13000998699497535
0 0.6555556498941361 0.14045486202246685 0.04197223481913188 0.18719556101864698
0 0.6890050404859489 0.14110529611342165 0.04115610635256204 0.17670955864103388
0 0.7255307950952877 0.14061391794961606 0.04302962645272641 0.18872589079879823
0 0.7682709487796477 0.14432817768144682 0.05360896378152393 0.18709744421820346
0 0.8117267604758034 0.14956406311329642 0.04863154846715249 0.1899143895347949
0 0.7535460992907801 0.0211864406779661 0.04305977710233029 0.0423728813559322
0 0.835612968591692 0.023928215353938187 0.03900709219858156 0.047856430707876374
0 0.9792299898682877 0.024177467597208374 0.04154002026342452 0.04835493519441675
0 0.9918946301925026 0.13534396809571286 0.016210739614994935 0.16400797607178463
0 0.9734381220319274 0.1513784825888037 0.03819961249721282 0.19652788098079357
0 0.941886310819198 0.12085259562595631 0.0412553891535815 0.1458370967960606
0 0.9070839644547398 0.10593385510767296 0.04794028492319219 0.11519094103453333
0 0.9038348611021786 0.3358662805246432 0.031817986123511964 0.11762490682529285
0 0.9340410866102051 0.3518746088168917 0.03770928986280136 0.14571523967420502
0 0.9645401657608568 0.37512866032424097 0.035563503481169365 0.19295130877368566
0 0.9880952380952381 0.37662013958125623 0.023809523809523808 0.18594217347956132
0 0.5 0.8910767696909272 0.03951367781155015 0.21784646061814555
0 0.3813694001546863 0.9082008508264277 0.17203749712194025 0.17025117344580076
0 0.21707193515704154 0.9142572283150548 0.2132725430597771 0.17148554336989033
0 0.5623100303951368 0.8586739780658026 0.0851063829787234 0.2826520438683948
0 0.5886524822695035 0.8596709870388833 0.13779128672745694 0.2806580259222333
0 0.5975177304964538 0.863160518444666 0.15552178318135765 0.26570289132602193
0 0.5661094224924013 0.8163010967098704 0.09067882472137791 0.3673978065802592
0 0.6225937183383992 0.8624127617148555 0.20567375886524822 0.26021934197407776
0 0.6193009118541033 0.8172981056829511 0.09473150962512665 0.3654037886340977
0 0.644630192502533 0.8160518444666002 0.0734549138804458 0.3678963110667996
0 0.6712442112954379 0.8635126735894623 0.25649226843634737 0.2538290222282851
0 0.6977340645286624 0.8594328530578424 0.2820667104019829 0.28010575089483325
0 0.7239108409321175 0.8148055832502492 0.08206686930091185 0.37038883349950147
0 0.7489360617782046 0.8599448160282644 0.27893875590885664 0.27701027501400044
0 0.7771023302938197 0.8148055832502492 0.047619047619047616 0.37038883349950147
0 0.8135764944275583 0.8148055832502492 0.06281661600810537 0.37038883349950147
0 0.9888551165146909 0.7604685942173479 0.022289766970618033 0.2617148554336989