0 0.5190187431091511 0.028501628664495113 0.201212789415656 0.057003257328990226
0 0.06918412348401323 0.048588490770901195 0.13836824696802646 0.09717698154180239
0 0.2533076074972437 0.07736156351791532 0.2541345093715546 0.15472312703583063
0 0.48980154355016536 0.11617806731813246 0.25964718853362734 0.23235613463626492
0 0.10281146637265712 0.15255157437567862 0.20562293274531424 0.255157437567861
0 0.3573006843231383 0.217343434180896 0.2704264684787084 0.2648678752694032
0 0.040793825799338476 0.31731813246471224 0.08158765159867695 0.10477741585233442
0 0.6832965821389195 0.12214983713355049 0.12734288864388094 0.21281216069489686
0 0.9583792723263506 0.25922909880564604 0.08324145534729879 0.22095548317046687
0 0.3103638368246968 0.48914223669923995 0.6185226019845645 0.23887079261672095
0 0.3098125689084895 0.5537459283387622 0.619625137816979 0.36807817589576547
0 0.3190667911145836 0.7175222117406375 0.4210587557453573 0.4124039285992902
0 0.28721058434399116 0.751357220412595 0.5622932745314223 0.49728555917481
0 0.2756339581036384 0.7757871878393051 0.5512679162072768 0.44842562432138977
0 0.2643329658213892 0.7983170466883822 0.5286659316427784 0.4033659066232356
0 0.2585446527012128 0.8197611292073833 0.5170893054024256 0.36047774158523344
0 0.2643329658213892 0.8333333333333334 0.5286659316427784 0.3333333333333333
0 0.7125137816979051 0.6799674267100977 0.18577728776185226 0.1764386536373507
0 0.7064498346196252 0.7073832790445168 0.17364939360529216 0.1476655808903366
0 0.6670341786108048 0.7312703583061889 0.09481808158765159 0.2714440825190011
0 0.6695148842337376 0.75814332247557 0.09977949283351709 0.28827361563517917
0 0.6697905181918412 0.7828447339847991 0.10033076074972437 0.2975027144408252
0 0.656284454244763 0.7961454940282302 0.0733186328555678 0.2730727470141151
0 0.6532524807056229 0.8132464712269273 0.06725468577728776 0.2703583061889251
0 0.6504961411245865 0.8675352877307275 0.06174200661521499 0.26492942453854507
0 0.6634509371554576 0.9353963083604777 0.087651598676957 0.12920738327904452
0 0.6573869900771775 0.9435396308360477 0.07552370452039692 0.11292073832790445
0 0.6576626240352812 0.9530401737242128 0.07607497243660419 0.09391965255157438
0 0.8602535832414554 0.9809989142236699 0.27398015435501655 0.038002171552660155
0 0.8676957001102535 0.9744842562432139 0.26460859977949286 0.051031487513572206
0 0.8685226019845645 0.9644408251900108 0.262954796030871 0.07111834961997829
0 0.8718302094818081 0.9554831704668838 0.25633958103638366 0.08903365906623235
0 0.87348401323043 0.9421824104234527 0.25303197353914003 0.1004343105320304
0 0.8770672546857773 0.9237242128121607 0.24586549062844543 0.10369163952225842
0 0.8809261300992283 0.9058089033659066 0.23814773980154355 0.10152008686210641
0 0.8834068357221609 0.8884364820846905 0.23318632855567806 0.1004343105320304
0 0.886438809261301 0.8724212812160695 0.22712238147739802 0.0988056460369164
0 0.886438809261301 0.8526058631921825 0.22712238147739802 0.10477741585233442
0 0.8941565600882029 0.8371335504885994 0.21168687982359427 0.09554831704668838
0 0.8938809261300992 0.8156894679695983 0.21223814773980154 0.1004343105320304
0 0.8971885336273429 0.7896308360477742 0.20562293274531424 0.11780673181324647
0 0.9137265711135611 0.7155266015200868 0.17254685777287762 0.10314875135722042
0 0.9173098125689085 0.6959826275787188 0.16538037486218302 0.09663409337676439
0 0.9175854465270121 0.6769815418023887 0.16482910694597575 0.0998914223669924
0 0.9192392502756339 0.6617806731813246 0.1615214994487321 0.10314875135722042
0 0.9228224917309813 0.6397937024972855 0.1543550165380375 0.0982627578718784
0 0.9269570011025359 0.6224212812160695 0.14608599779492834 0.0982627578718784
0 0.9308158765159867 0.6055917480998915 0.13836824696802646 0.0982627578718784
0 0.9332965821389195 0.5879478827361564 0.13340683572216097 0.09663409337676439
0 0.9355016538037486 0.5700325732899023 0.12899669239250275 0.0998914223669924
0 0.9396361631753032 0.5513029315960912 0.1207276736493936 0.09391965255157438
0 0.9426681367144433 0.5350162866449512 0.11466372657111357 0.09717698154180239
0 0.9434950385887542 0.5133007600434311 0.11300992282249173 0.0982627578718784
0 0.947353914002205 0.495385450597177 0.10529217199558985 0.1004343105320304