0 0.24278199117276453 0.33174020987032293 0.2644228270940442 0.19550789562883655
0 0.2885262082478815 0.11986689142618409 0.2786975812559334 0.20606230644684576
0 0.4415501905972046 0.3551080550098232 0.2960609911054638 0.20923379174852652
0 0.4666454891994917 0.13777013752455797 0.24587039390088947 0.2087426326129666
0 0.5508259212198221 0.2821709233791749 0.07750952986022872 0.21463654223968565
0 0.9825285895806861 0.1994106090373281 0.0349428208386277 0.2868369351669941
0 0.27935319441188305 0.7432764261541145 0.2888938342287115 0.21360117131685238
0 0.3424967928378518 0.7554231168762822 0.2888938342287115 0.21360117131685238
0 0.4118381397760172 0.7657364320662514 0.1969492607571081 0.2840296265992144
0 0.46315120711562896 0.7775049115913556 0.25285895806861497 0.20235756385068762
0 0.49618805590851334 0.787819253438114 0.18678526048284624 0.20235756385068762
0 0.531130876747141 0.7981335952848723 0.11689961880559085 0.206286836935167
0 0.5555908513341804 0.5380648330058939 0.06797966963151207 0.15667976424361493
0 0.5257306226175349 0.5336444007858546 0.12770012706480305 0.14783889980353634
0 0.4812579415501906 0.5275049115913556 0.16200762388818296 0.13555992141453832
0 0.4142312579415502 0.5221021611001965 0.17026683608640406 0.12475442043222004
0 0.3459339263024142 0.5166994106090373 0.1556543837357052 0.11394891944990176
0 0.6083227445997459 0.5957760314341847 0.03748411689961881 0.17779960707269155
0 0.6321473951715375 0.6122298624754421 0.08513341804320203 0.17239685658153242
0 0.6601016518424396 0.6004420432220039 0.14104193138500634 0.17730844793713163
0 0.6680432020330368 0.6358055009823183 0.15692503176620076 0.1468565815324165
0 0.6994424737627503 0.6171777693618095 0.1611446311679794 0.25984809973632395
0 0.7359602471853736 0.6234080974084258 0.24606957174304364 0.18193793886282497
0 0.7637254705844725 0.6735802256353522 0.16789829895174513 0.12413997485944131
0 0.8479680400624301 0.6868231425236626 0.09638194996750335 0.16796622449386586
0 0.8952331879201961 0.6500596930937675 0.12807671364628134 0.2518976880584589
0 0.928014364166871 0.6994036277711632 0.1040946905163513 0.16908572503427208
0 0.9555273189326556 0.4869842829076621 0.08894536213468869 0.05451866404715128
0 0.9749047013977128 0.4906679764243615 0.05019059720457433 0.0618860510805501
0 0.9752223634053367 0.7094793713163065 0.04955527318932656 0.1763261296660118