0 0.1309278350515464 0.19541666666666666 0.2618556701030928 0.21916666666666668
0 0.15 0.20083333333333334 0.25876288659793817 0.21833333333333332
0 0.18802043941367366 0.203071368874227 0.05959011754939498 0.37371237617660485
0 0.2241029136404778 0.20392003219785038 0.09981429802870273 0.3754913629276899
0 0.20051546391752578 0.20166666666666666 0.1577319587628866 0.22166666666666668
0 0.22268041237113403 0.20291666666666666 0.1134020618556701 0.2025
0 0.37989690721649483 0.34375 0.18402061855670104 0.13916666666666666
0 0.4402061855670103 0.345 0.22216494845360824 0.12291666666666666
0 0.5644329896907216 0.3525 0.2670103092783505 0.14708333333333334
0 0.7170103092783505 0.3545833333333333 0.2711340206185567 0.15041666666666667
0 0.8381443298969072 0.35875 0.14742268041237114 0.20583333333333334
0 0.9134020618556701 0.36 0.1731958762886598 0.14833333333333334
0 0.4572164948453608 0.16291666666666665 0.1422680412371134 0.07875
0 0.4845360824742268 0.15875 0.13144329896907217 0.0725
0 0.5092783505154639 0.1625 0.032474226804123714 0.15666666666666668
0 0.5319587628865979 0.1625 0.042268041237113405 0.075
0 0.5572164948453608 0.16333333333333333 0.09175257731958762 0.05
0 0.5809278350515464 0.16416666666666666 0.13711340206185568 0.07583333333333334
0 0.6051546391752577 0.16541666666666666 0.023195876288659795 0.04958333333333333
0 0.6247422680412371 0.165 0.0577319587628866 0.1425
0 0.6463917525773196 0.16458333333333333 0.17164948453608248 0.095
0 0.6706185567010309 0.16541666666666666 0.12268041237113401 0.06708333333333333
0 0.6974226804123711 0.16541666666666666 0.16804123711340208 0.09291666666666666
0 0.1080872748654791 0.6271733595846466 0.14475133913411756 0.1183461582474293
0 0.14675606613606065 0.6284993083837669 0.12585273476954426 0.10207636949051827
0 0.19568015102026626 0.6275677324182082 0.07894668897967487 0.17260340255117645
0 0.25051546391752577 0.6279166666666667 0.0577319587628866 0.17083333333333334
0 0.13706095621359965 0.7998507572445164 0.18144564037902414 0.14752815490438592
0 0.635518879097267 0.6539473361833437 0.26015083625476926 0.21351338583595994
0 0.6669621780663392 0.6546868856510726 0.2517234644513855 0.20498607231436988
0 0.6957831701670395 0.6532824829766379 0.23495869540610395 0.1920981119378564
0 0.7252455905713457 0.6577235373973027 0.2601328413424721 0.21268005250262662
0 0.7505154639175258 0.6754166666666667 0.08453608247422681 0.3308333333333333
0 0.7700369666591965 0.6562783046709489 0.23705654090080122 0.1938132736515871
0 0.7891361239760959 0.6579768838562927 0.24230115463754456 0.19810117793591436
0 0.8691140082979278 0.6636060669300302 0.25174145936368275 0.2058194056477032
0 0.8896907216494845 0.67625 0.041237113402061855 0.3325
0 0.9056701030927835 0.66875 0.08762886597938144 0.3175
0 0.9005154639175258 0.6633333333333333 0.19896907216494844 0.205
0 0.9154639175257732 0.6620833333333334 0.16907216494845362 0.18416666666666667
0 0.9634020618556701 0.6733333333333333 0.03402061855670103 0.32666666666666666
0 0.972680412371134 0.67 0.05463917525773196 0.32
0 0.9690721649484536 0.66375 0.061855670103092786 0.18083333333333335
0 0.9721649484536082 0.6629166666666667 0.05567010309278351 0.1975
0 0.9835051546391752 0.6645833333333333 0.032989690721649485 0.18416666666666667
0 0.9829896907216494 0.9558333333333333 0.03402061855670103 0.08833333333333333
0 0.938659793814433 0.93 0.03814432989690722 0.14
0 0.9139175257731958 0.9295833333333333 0.027835051546391754 0.14083333333333334
0 0.8938144329896908 0.9275 0.03505154639175258 0.145
0 0.8731958762886598 0.9295833333333333 0.0288659793814433 0.14083333333333334
0 0.8530927835051546 0.9275 0.031958762886597936 0.145
0 0.8309278350515464 0.9266666666666666 0.0288659793814433 0.14666666666666667
0 0.8118556701030928 0.9254166666666667 0.029896907216494847 0.14916666666666667
0 0.7891752577319587 0.9254166666666667 0.03402061855670103 0.14916666666666667
0 0.7685567010309279 0.9258333333333333 0.03402061855670103 0.14833333333333334
0 0.7494845360824742 0.925 0.030927835051546393 0.15
0 0.7309278350515463 0.9245833333333333 0.0288659793814433 0.15083333333333335
0 0.7082474226804124 0.9220833333333334 0.03505154639175258 0.15583333333333332
0 0.6902061855670103 0.9254166666666667 0.02577319587628866 0.14916666666666667
0 0.6659793814432989 0.9220833333333334 0.030927835051546393 0.15583333333333332
0 0.6365979381443299 0.92125 0.050515463917525774 0.1575
0 0.5520618556701031 0.9225 0.03608247422680412 0.155
0 0.5304123711340206 0.9225 0.027835051546391754 0.155
0 0.5087628865979381 0.92 0.031958762886597936 0.16
0 0.49123711340206183 0.91875 0.03608247422680412 0.1625
0 0.4675257731958763 0.9179166666666667 0.029896907216494847 0.16416666666666666
0 0.4469072164948454 0.91875 0.031958762886597936 0.1625
0 0.42731958762886596 0.9191666666666667 0.031958762886597936 0.16166666666666665
0 0.4072164948453608 0.9183333333333333 0.030927835051546393 0.16333333333333333
0 0.3871134020618557 0.9175 0.03402061855670103 0.165
0 0.36597938144329895 0.9175 0.0288659793814433 0.165
0 0.34690721649484535 0.9175 0.031958762886597936 0.165
0 0.3237113402061856 0.915 0.032989690721649485 0.17
0 0.3036082474226804 0.9154166666666667 0.03608247422680412 0.16916666666666666