0 0.25044910179640717 0.16646489104116222 0.4453193612774451 0.020508474576271186
0 0.24822355289421158 0.19114608555286522 0.4380838323353293 0.022663438256658595
0 0.24964071856287423 0.21832929782082325 0.4437025948103792 0.020839386602098466
0 0.2480439121756487 0.2852138821630347 0.4432734530938124 0.022001614205004037
0 0.24718562874251498 0.3114366424535916 0.4471157684630738 0.020516545601291365
0 0.24736526946107787 0.33409200968523 0.4447105788423154 0.02536723163841808
0 0.24241516966067864 0.5672074253430186 0.4431337325349301 0.026335754640839388
0 0.24800399201596807 0.5885714285714286 0.45432135728542916 0.012873284907183211
0 0.24848303393213572 0.6142695722356739 0.44415169660678644 0.028305084745762713
0 0.2482435129740519 0.6425827280064568 0.44924151696606784 0.022001614205004037
0 0.2445209580838323 0.6689023405972558 0.4362275449101797 0.020702179176755448
0 0.24432135728542914 0.6942857142857143 0.43027944111776445 0.02426957223567393
0 0.2458183632734531 0.7203712671509281 0.43604790419161676 0.017998385794995964
0 0.2507984031936128 0.7440355125100888 0.44323353293413176 0.02486682808716707
0 0.24810379241516967 0.7689669087974172 0.44060878243512974 0.02304277643260694
0 0.24865269461077844 0.7972639225181598 0.4389421157684631 0.025682001614205006
0 0.2569560878243513 0.8640355125100887 0.44442115768463075 0.022122679580306698
0 0.2525548902195609 0.8885230024213076 0.4384031936127744 0.014915254237288136
0 0.2534131736526946 0.9117191283292977 0.4317964071856288 0.025351089588377725
0 0.24788423153692615 0.937772397094431 0.43183632734530936 0.021267150928167878