0 0.09600760456273764 0.24918099918099917 0.10171102661596958 0.12039312039312039
0 0.11787072243346007 0.24733824733824733 0.11755386565272496 0.1205978705978706
0 0.14163498098859315 0.24406224406224405 0.22211660329531052 0.08804258804258805
0 0.19993662864385298 0.2375102375102375 0.2214828897338403 0.08845208845208845
0 0.22338403041825095 0.23464373464373464 0.11755386565272496 0.12100737100737101
0 0.24334600760456274 0.23239148239148238 0.2214828897338403 0.08845208845208845
0 0.4480354879594423 0.20945945945945946 0.10076045627376426 0.11752661752661753
0 0.46609632446134347 0.20577395577395577 0.20437262357414449 0.08149058149058148
0 0.48859315589353614 0.20372645372645373 0.10076045627376426 0.11936936936936937
0 0.5133079847908745 0.20065520065520065 0.12198986058301647 0.12203112203112203
0 0.5367553865652726 0.19922194922194922 0.20659062103929024 0.08271908271908272
0 0.5595690747782003 0.19696969696969696 0.20310519645120406 0.08087633087633088
0 0.5769961977186312 0.1938984438984439 0.20912547528517111 0.08681408681408681
0 0.5871356147021546 0.19062244062244063 0.1888466413181242 0.0861998361998362
0 0.6245247148288974 0.18816543816543815 0.10868187579214195 0.11998361998361998
0 0.6365652724968315 0.1855036855036855 0.09220532319391635 0.11998361998361998
0 0.6397338403041825 0.18263718263718265 0.08428390367553866 0.07575757575757576
0 0.6628643852978454 0.1816134316134316 0.03770595690747782 0.06777231777231778
0 0.6720532319391636 0.18120393120393122 0.019011406844106463 0.06633906633906633
0 0.7053231939163498 0.1988124488124488 0.031685678073510776 0.2321867321867322
0 0.7423954372623575 0.18427518427518427 0.10583016476552598 0.2416052416052416
0 0.8038656527249683 0.16891891891891891 0.22877059569074779 0.18796068796068796
0 0.8388646848766926 0.16081828766455447 0.268226430297933 0.18425789619681363
0 0.899611090980006 0.14923122922613394 0.16986952940345565 0.24449646007396175
0 0.9122306717363752 0.1416871416871417 0.17553865652724968 0.180999180999181
0 0.9762357414448669 0.12735462735462735 0.04752851711026616 0.23423423423423423
0 0.9743346007604563 0.1248976248976249 0.051330798479087454 0.14823914823914824
0 0.3681875792141952 0.7364864864864865 0.12864385297845374 0.2616707616707617
0 0.39543726235741444 0.730958230958231 0.14607097591888465 0.26863226863226863
0 0.4207858048162231 0.7274774774774775 0.2623574144486692 0.18755118755118755
0 0.4448669201520912 0.7201064701064701 0.27344740177439797 0.19553644553644553
0 0.4664131812420786 0.7133497133497133 0.13719898605830164 0.26822276822276825
0 0.48447401774397975 0.7141687141687142 0.2541191381495564 0.1816134316134316
0 0.5003168567807351 0.7102784602784603 0.10868187579214195 0.25266175266175267
0 0.561787072243346 0.6941031941031941 0.23859315589353614 0.17833742833742833
0 0.5868187579214195 0.69000819000819 0.1105830164765526 0.26126126126126126
0 0.6020278833967047 0.6914414414414415 0.1384664131812421 0.2542997542997543
0 0.5880861850443599 0.6873464373464373 0.18599493029150824 0.17055692055692057
0 0.5988593155893536 0.6869369369369369 0.1641318124207858 0.16031941031941033
0 0.6007604562737643 0.6838656838656839 0.16064638783269963 0.17096642096642098
0 0.6121673003802282 0.6857084357084358 0.13783269961977188 0.16257166257166258
0 0.6581115335868187 0.6742424242424242 0.04594423320659062 0.1373873873873874
0 0.6061470215462611 0.44942669942669944 0.09062103929024082 0.11793611793611794
0 0.5570342205323194 0.45904995904995904 0.08871989860583017 0.18407043407043408
0 0.5358048162230672 0.4621212121212121 0.08079847908745247 0.18488943488943488
0 0.5183776932826363 0.4680589680589681 0.08808618504435994 0.18652743652743653
0 0.5006337135614702 0.47072072072072074 0.07953105196451205 0.18058968058968058
0 0.4835234474017744 0.4746109746109746 0.08523447401774398 0.1844799344799345
0 0.4641951837769328 0.47911547911547914 0.0814321926489227 0.18427518427518427
0 0.44771863117870725 0.48177723177723175 0.08428390367553866 0.1893939393939394
0 0.42839036755386567 0.48525798525798525 0.08713561470215463 0.1887796887796888
0 0.41064638783269963 0.48976248976248976 0.08523447401774398 0.1844799344799345
0 0.39448669201520914 0.49344799344799345 0.08333333333333333 0.1857084357084357
0 0.37864385297845377 0.4967239967239967 0.08238276299112801 0.1855036855036855
0 0.3602661596958175 0.5022522522522522 0.08713561470215463 0.1893939393939394
0 0.34347275031685676 0.5032760032760033 0.0779467680608365 0.18222768222768224
0 0.323510773130545 0.509009009009009 0.08428390367553866 0.1887796887796888
0 0.2984790874524715 0.5151515151515151 0.09980988593155894 0.18959868959868958
0 0.22465145754119137 0.528050778050778 0.08713561470215463 0.18468468468468469
0 0.20627376425855512 0.5321457821457821 0.08048162230671736 0.18243243243243243
0 0.1885297845373891 0.5378787878787878 0.08333333333333333 0.1857084357084357
0 0.17395437262357413 0.5411547911547911 0.08808618504435994 0.18837018837018837
0 0.15304182509505704 0.545045045045045 0.08365019011406843 0.1891891891891892
0 0.13498098859315588 0.5475020475020475 0.08333333333333333 0.18734643734643736
0 0.1188212927756654 0.5518018018018018 0.08333333333333333 0.1844799344799345
0 0.10107731305449937 0.5542588042588042 0.08269961977186312 0.18734643734643736
0 0.08365019011406843 0.5581490581490581 0.08618504435994931 0.1887796887796888
0 0.06653992395437262 0.5628583128583129 0.08079847908745247 0.18427518427518427
0 0.0491128010139417 0.5655200655200655 0.08428390367553866 0.1863226863226863
0 0.03580481622306717 0.5708435708435708 0.07160963244613434 0.18837018837018837
0 0.027566539923954372 0.5741195741195741 0.055133079847908745 0.18591318591318592
0 0.7259188846641318 0.792997542997543 0.07287705956907478 0.24201474201474202
0 0.7160963244613435 0.7811220311220312 0.053231939163498096 0.31981981981981983
0 0.7788339670468948 0.7708845208845209 0.17870722433460076 0.23464373464373464
0 0.7690114068441065 0.756961506961507 0.1590621039290241 0.3140868140868141
0 0.8399873257287706 0.7440622440622441 0.3010139416983523 0.22604422604422605
0 0.8884898517015181 0.73343333250383 0.16649223214998146 0.3068826049228197
0 0.9255386565272496 0.7211302211302212 0.14892268694550062 0.31203931203931207
0 0.9271229404309252 0.7076167076167076 0.14575411913814956 0.22358722358722358
0 0.958808618504436 0.6975839475839476 0.08238276299112801 0.21334971334971334
0 0.7091254752851711 0.45782145782145783 0.03929024081115336 0.276003276003276
0 0.720532319391635 0.4561834561834562 0.062103929024081114 0.2727272727272727
0 0.7313054499366286 0.4535217035217035 0.08365019011406843 0.2674037674037674
0 0.7589684386000617 0.5032979850869869 0.07326709100620703 0.15884422278975652