0 0.09445178335535007 0.3927425821972735 0.14696169088507266 0.15557337610264635
0 0.142998678996037 0.3901363271852446 0.16611624834874505 0.1433440256615878
0 0.22886393659180979 0.3921411387329591 0.202113606340819 0.17361668003207698
0 0.333553500660502 0.3871291098636728 0.1809775429326288 0.1561748195669607
0 0.4118229854689564 0.3855252606255012 0.1760237780713342 0.1599839615076183
0 0.46730515191545574 0.3829190056134723 0.0653896961690885 0.23757016840417
0 0.13705416116248348 0.18283881315156375 0.09676354029062087 0.08340016038492382
0 0.15521796565389695 0.17702485966319165 0.09676354029062087 0.08340016038492382
0 0.17272126816380448 0.18003207698476342 0.12120211360634082 0.10465116279069768
0 0.1882430647291942 0.17862870890136326 0.02212681638044914 0.08299919807538092
0 0.20574636723910172 0.1784282277465918 0.06406869220607662 0.0545308740978348
0 0.22192866578599735 0.17862870890136326 0.09940554821664464 0.08560545308740979
0 0.23844121532364598 0.17822774659182036 0.021796565389696168 0.056134723336006415
0 0.2523117569352708 0.17742582197273457 0.1106340819022457 0.09562951082598235
0 0.26717305151915455 0.1756214915797915 0.13276089828269486 0.1144747393744988
0 0.2836856010568032 0.17542101042502004 0.03665785997357992 0.11968724939855653
0 0.30184940554821665 0.1740176423416199 0.12483487450462351 0.10846030473135525
0 0.760898282694848 0.21331194867682438 0.16809775429326287 0.12730553327987168
0 0.7803830911492734 0.21251002405773858 0.17007926023778072 0.1289093825180433
0 0.7982166446499339 0.21050521251002405 0.16050198150594452 0.12169206094627105
0 0.8167107001321003 0.21210906174819566 0.1571994715984148 0.11968724939855653
0 0.832892998678996 0.21331194867682438 0.16941875825627478 0.12830793905372895
0 0.8444517833553501 0.20930232558139536 0.059445178335535004 0.20589414595028066
0 0.8563408190224571 0.2095028067361668 0.14894319682959048 0.11287089013632719
0 0.9062087186261559 0.20970328789093826 0.16743725231175693 0.12730553327987168
0 0.9177675033025099 0.2095028067361668 0.1641347424042272 0.12690457097032878
0 0.929326287978864 0.20529270248596632 0.035667107001321 0.20609462710505214
0 0.9316380449141347 0.20769847634322375 0.13672391017173052 0.12008821170809944
0 0.9395640686922061 0.20589414595028066 0.12087186261558784 0.11106655974338413
0 0.9653236459709379 0.20749799518845227 0.04821664464993395 0.20769847634322375
0 0.9494715984147952 0.20449077786688052 0.10072655217965654 0.11768243785084202
0 0.9706076618229855 0.20449077786688052 0.058784676354029064 0.11708099438652766
0 0.9811756935270806 0.20529270248596632 0.037648612945838836 0.1156776263031275
0 0.9686261558784677 0.40216519647153165 0.031704095112285335 0.1507618283881315
0 0.952774108322325 0.40316760224538895 0.025429326287978865 0.15176423416198878
0 0.940554821664465 0.40216519647153165 0.03038309114927345 0.15276663993584602
0 0.9276750330250991 0.40356856455493184 0.025759577278731835 0.148757016840417
0 0.9151254953764861 0.4033680834001604 0.028401585204755615 0.15176423416198878
0 0.9012549537648613 0.4033680834001604 0.02608982826948481 0.15216519647153168
0 0.8890356671070013 0.40356856455493184 0.026750330250990752 0.15437048917401763
0 0.8751651254953765 0.4041700080192462 0.029392338177014532 0.1537690457097033
0 0.8626155878467635 0.404971932638332 0.028401585204755615 0.15176423416198878
0 0.8507265521796565 0.4051724137931034 0.0274108322324967 0.15276663993584602
0 0.8391677675033025 0.4055733761026464 0.026750330250990752 0.15276663993584602
0 0.8252972258916776 0.40437048917401763 0.029392338177014532 0.1557738572574178
0 0.8137384412153237 0.4065757818765036 0.024108322324966975 0.1507618283881315
0 0.7985468956406869 0.4055733761026464 0.026750330250990752 0.1553728949478749
0 0.7803830911492734 0.4055733761026464 0.03896961690885073 0.15396952686447474
0 0.7278731836195509 0.40938251804330394 0.03038309114927345 0.15136327185244586
0 0.714332892998679 0.4095829991980754 0.025759577278731835 0.1507618283881315
0 0.7007926023778072 0.40797914995990375 0.0274108322324967 0.15276663993584602
0 0.690224570673712 0.40838011226944665 0.030052840158520475 0.15437048917401763
0 0.6750330250990753 0.4087810745789896 0.026420079260237782 0.1557738572574178
0 0.6621532364597094 0.40978348035284684 0.0274108322324967 0.15437048917401763
0 0.6502642007926024 0.41018444266238974 0.0274108322324967 0.15176423416198878
0 0.6373844121532365 0.4107858861267041 0.026750330250990752 0.1537690457097033
0 0.6248348745046235 0.41098636728147553 0.028731836195508585 0.15437048917401763
0 0.6122853368560106 0.41098636728147553 0.025429326287978865 0.15216519647153168
0 0.6000660501981506 0.41218925421010427 0.0274108322324967 0.1533680834001604
0 0.5858652575957728 0.411186848436247 0.0274108322324967 0.1553728949478749
0 0.5729854689564069 0.411186848436247 0.030052840158520475 0.1533680834001604
0 0.3890356671070013 0.7058941459502807 0.22192866578599735 0.14234161988773056
0 0.4217305151915456 0.7028869286287089 0.15653896961690886 0.14194065757818766
0 0.4587186261558785 0.7016840417000801 0.08256274768824307 0.13873295910184444
0 0.440224570673712 0.9426623897353649 0.11955085865257596 0.11467522052927025
0 0.4346103038309115 0.9232157177225341 0.11756935270805813 0.15356856455493184
0 0.5521796565389696 0.6186848436246993 0.10435931307793923 0.07778668805132317
0 0.5994055482166446 0.640737770649559 0.19881109643328929 0.1218925421010425
0 0.6221928665785997 0.6389334402566159 0.24438573315719947 0.11828388131515638
0 0.6509247027741083 0.6174819566960705 0.07199471598414796 0.07538091419406576
0 0.5515191545574637 0.900962309542903 0.10303830911492734 0.16760224538893345
0 0.5198150594451784 0.8704891740176424 0.03963011889035667 0.20769847634322375
0 0.605716056051258 0.8719733406946077 0.09180017932234552 0.21406782157668292
0 0.6690885072655218 0.8815156375300722 0.08058124174372523 0.23696872493985566
0 0.7176354029062088 0.8809141940657578 0.07331571994715984 0.23817161186848437
0 0.7645377761217663 0.8803246797010856 0.0727030184742009 0.23509486164175797
0 0.7612285336856011 0.6168805132317562 0.0653896961690885 0.07417802726543705
0 0.8167107001321003 0.6605854049719326 0.07595772787318363 0.1615878107457899
0 0.8662483487450462 0.615878107457899 0.07595772787318363 0.07217321571772253
0 0.8753035535226485 0.8632968685391783 0.0680286223560381 0.2070065035043144
0 0.9192689705102781 0.8391501746558682 0.06383540765707593 0.163301611764138
0 0.9673051519154557 0.8777064955894146 0.0653896961690885 0.24458700882117082
0 0.9636723910171731 0.6174819566960705 0.0726552179656539 0.07538091419406576