0 0.3207732634338139 0.3086864406779661 0.2575360419397117 0.1826271186440678
0 0.2648067343446282 0.32150735282735116 0.261103863862597 0.17454314516875055
0 0.19554171770646644 0.3330930796299226 0.26856397425867107 0.17953009217357213
0 0.13245635929963917 0.345244779011535 0.14764822118541052 0.24042581494083193
0 0.0717562254259502 0.3565677966101695 0.1435124508519004 0.23940677966101695
0 0.04357798165137615 0.36800847457627117 0.0871559633027523 0.2521186440677966
0 0.02817824377457405 0.37436440677966104 0.0563564875491481 0.17669491525423728
0 0.037352555701179554 0.10635593220338983 0.07470511140235911 0.1906779661016949
0 0.04685452162516383 0.11038135593220338 0.09370904325032765 0.22076271186440677
0 0.09764089121887287 0.08707627118644068 0.19528178243774574 0.17415254237288136
0 0.1281127129750983 0.08177966101694915 0.2562254259501966 0.1635593220338983
0 0.19200524246395806 0.07690677966101694 0.27522935779816515 0.1538135593220339
0 0.2608125819134993 0.06737288135593221 0.254259501965924 0.13474576271186442
0 0.9780471821756226 0.28940677966101697 0.043905635648754916 0.28559322033898304
0 0.6028833551769331 0.35783898305084744 0.17693315858453473 0.28432203389830507
0 0.5527522935779816 0.3601694915254237 0.190694626474443 0.2796610169491525
0 0.5209698558322412 0.38834745762711864 0.14285714285714285 0.22330508474576272
0 0.9370904325032765 0.05084745762711865 0.1258191349934469 0.1016949152542373
0 0.9292267365661862 0.04915254237288136 0.14154652686762778 0.09830508474576272
0 0.9531454783748362 0.07478813559322034 0.09370904325032765 0.14957627118644068
0 0.9420052424639581 0.07584745762711864 0.11598951507208388 0.15169491525423728
0 0.9243119266055045 0.07860169491525423 0.11336828309305373 0.15720338983050847
0 0.9003931847968545 0.07987288135593221 0.11664482306684142 0.15974576271186441
0 0.8774574049803407 0.08283898305084746 0.11140235910878113 0.1656779661016949
0 0.8558322411533421 0.08241525423728814 0.1127129750982962 0.16483050847457628
0 0.8289646133682831 0.08834745762711864 0.1349934469200524 0.17669491525423728
0 0.734600262123198 0.09491525423728814 0.19921363040629095 0.18983050847457628
0 0.6107470511140236 0.10508474576271186 0.22018348623853212 0.21016949152542372
0 0.5193315858453473 0.1211864406779661 0.13958060288335516 0.2423728813559322
0 0.24508519003931847 0.7904661016949153 0.18020969855832242 0.1408898305084746
0 0.2264089121887287 0.7942796610169491 0.17496723460026212 0.13644067796610168
0 0.20969855832241152 0.7989406779661017 0.1743119266055046 0.13644067796610168
0 0.19233289646133683 0.8004237288135593 0.08781127129750983 0.2010593220338983
0 0.17660550458715596 0.8021186440677966 0.08617300131061599 0.20317796610169492
0 0.16644823066841416 0.8076271186440678 0.08682830930537352 0.19258474576271187
0 0.15498034076015726 0.809322033898305 0.17267365661861075 0.13538135593220338
0 0.10812581913499344 0.8169491525423729 0.10058977719528178 0.19978813559322034
0 0.09567496723460026 0.8194915254237288 0.1713630406290957 0.13389830508474576
0 0.08682830930537352 0.8247881355932203 0.1720183486238532 0.13453389830508475
0 0.07929226736566186 0.8247881355932203 0.15858453473132372 0.13241525423728814
0 0.06389252948885976 0.8283898305084746 0.09403669724770643 0.1913135593220339
0 0.06684141546526867 0.8271186440677966 0.1333551769331586 0.1228813559322034
0 0.061598951507208385 0.8307203389830509 0.12319790301441677 0.12161016949152542
0 0.042267365661861074 0.8334745762711865 0.08453473132372215 0.11694915254237288
0 0.03473132372214941 0.8355932203389831 0.06946264744429882 0.10656779661016949
0 0.0327653997378768 0.6629237288135593 0.05209698558322411 0.12224576271186441
0 0.047182175622542594 0.6597457627118644 0.045871559633027525 0.12097457627118643
0 0.05897771952817824 0.6584745762711864 0.050786369593709045 0.1239406779661017
0 0.07077326343381389 0.6546610169491526 0.04652686762778506 0.12055084745762712
0 0.0828964613368283 0.6531779661016949 0.0481651376146789 0.12245762711864407
0 0.09567496723460026 0.6510593220338983 0.047182175622542594 0.1228813559322034
0 0.10714285714285714 0.6491525423728813 0.04783748361730013 0.12372881355932204
0 0.12024901703800786 0.6461864406779662 0.050131061598951504 0.1239406779661017
0 0.13237221494102228 0.6434322033898305 0.04947575360419397 0.1228813559322034
0 0.1435124508519004 0.6413135593220339 0.0481651376146789 0.1228813559322034
0 0.15432503276539974 0.639406779661017 0.047182175622542594 0.1228813559322034
0 0.16743119266055045 0.6379237288135593 0.050786369593709045 0.12584745762711863
0 0.1782437745740498 0.6338983050847458 0.04456094364351245 0.12076271186440678
0 0.19233289646133683 0.6328389830508474 0.04783748361730013 0.12478813559322034
0 0.20937090432503278 0.6290254237288135 0.05930537352555701 0.12627118644067797
0 0.25884665792922673 0.6175847457627118 0.050786369593709045 0.12203389830508475
0 0.2716251638269987 0.6152542372881356 0.045871559633027525 0.12097457627118643
0 0.2840760157273919 0.6139830508474576 0.04849279161205767 0.12372881355932204
0 0.29456094364351243 0.6122881355932204 0.050786369593709045 0.12521186440677967
0 0.3083224115334207 0.6097457627118644 0.04783748361730013 0.12521186440677967
0 0.32044560943643513 0.6067796610169491 0.04849279161205767 0.12372881355932204
0 0.331913499344692 0.6038135593220338 0.0481651376146789 0.1228813559322034
0 0.34338138925294887 0.6019067796610169 0.04783748361730013 0.12330508474576271
0 0.3555045871559633 0.5995762711864406 0.04947575360419397 0.1239406779661017
0 0.36795543905635647 0.5972457627118644 0.04652686762778506 0.12266949152542372
0 0.37876802096985585 0.5947033898305085 0.0481651376146789 0.1228813559322034
0 0.3925294888597641 0.5930084745762711 0.04980340760157274 0.12521186440677967
0 0.4043250327653997 0.5904661016949152 0.050786369593709045 0.12478813559322034
0 0.9698558322411533 0.7584745762711864 0.06028833551769332 0.3254237288135593
0 0.8971166448230669 0.7682203389830509 0.20576671035386632 0.24152542372881355
0 0.8974442988204456 0.7802966101694915 0.20511140235910877 0.33008474576271185
0 0.8371559633027523 0.7927966101694915 0.3256880733944954 0.2245762711864407
0 0.7752718686238503 0.8056057097992317 0.34861349691235266 0.23345016158430687
0 0.7083576396159174 0.8160284095501921 0.3451996537819787 0.23075963867764698
0 0.6505605128860126 0.8270956112641994 0.20175379436001653 0.32233871227460587
0 0.6064875491480997 0.8338983050847457 0.31389252948885976 0.2135593220338983
0 0.5858453473132372 0.8413135593220339 0.272608125819135 0.21822033898305085
0 0.5671690694626474 0.85 0.23525557011795545 0.22627118644067798
0 0.5399737876802096 0.8538135593220338 0.18086500655307994 0.2076271186440678
0 0.4734600262123198 0.8536016949152543 0.04783748361730013 0.29279661016949154
0 0.9515072083879423 0.5455508474576272 0.09698558322411534 0.09110169491525423
0 0.9367627785058977 0.5466101694915254 0.11467889908256881 0.09322033898305085
0 0.9125163826998689 0.548728813559322 0.11730013106159895 0.09745762711864407
0 0.8879423328964613 0.5504237288135593 0.11664482306684142 0.10084745762711865
0 0.8653342070773263 0.5527542372881356 0.11730013106159895 0.10550847457627119
0 0.8407601572739187 0.5544491525423729 0.11533420707732635 0.10889830508474577
0 0.8302752293577982 0.5574152542372881 0.07208387942332896 0.11483050847457626