0 0.2328811369509044 0.07162698412698412 0.23094315245478036 0.13472222222222222
0 0.22125322997416022 0.11428571428571428 0.28714470284237725 0.08492063492063492
0 0.19928940568475453 0.16865079365079366 0.2600129198966408 0.15158730158730158
0 0.18313953488372092 0.2369047619047619 0.3220284237726098 0.12380952380952381
0 0.16440568475452197 0.2904761904761905 0.24289405684754523 0.14166666666666666
0 0.15762273901808785 0.3468253968253968 0.2464470284237726 0.15456349206349207
0 0.47642118863049093 0.16646825396825396 0.14405684754521964 0.08373015873015872
0 0.479328165374677 0.17976190476190476 0.12919896640826872 0.075
0 0.4631782945736434 0.18988095238095237 0.21285529715762275 0.061507936507936505
0 0.4699612403100775 0.2003968253968254 0.08074935400516796 0.046825396825396826
0 0.46608527131782945 0.2113095238095238 0.11757105943152454 0.03511904761904762
0 0.4625322997416021 0.22182539682539681 0.19476744186046513 0.054365079365079366
0 0.4589793281653747 0.23234126984126985 0.059431524547803614 0.034523809523809526
0 0.45704134366925064 0.24146825396825397 0.2109173126614987 0.058333333333333334
0 0.455749354005168 0.2515873015873016 0.16925064599483206 0.09841269841269841
0 0.45219638242894056 0.2621031746031746 0.11401808785529716 0.06666666666666667
0 0.4492894056847545 0.27400793650793653 0.16440568475452197 0.09543650793650793
0 0.962532299741602 0.1632936507936508 0.07493540051679587 0.12341269841269842
0 0.7570201082153304 0.13218161024930397 0.2777815922082886 0.13843776911184058
0 0.7246688859427414 0.21172497868982879 0.28302741403105025 0.12356171087137448
0 0.9257105943152455 0.36468253968253966 0.14857881136950904 0.13968253968253969
0 0.8908268733850129 0.4009920634920635 0.21834625322997417 0.07738095238095238
0 0.26647286821705424 0.5373015873015873 0.23869509043927647 0.176984126984127
0 0.2625968992248062 0.5535714285714286 0.3488372093023256 0.09702380952380953
0 0.25936692506459946 0.5668650793650793 0.23352713178294573 0.1734126984126984
0 0.25516795865633074 0.5805555555555556 0.35142118863049093 0.11607142857142858
0 0.2516149870801034 0.5936507936507937 0.2454780361757106 0.18134920634920634
0 0.24935400516795866 0.608531746031746 0.24224806201550386 0.17936507936507937
0 0.2467700258397933 0.6220238095238095 0.24967700258397932 0.18531746031746033
0 0.24354005167958656 0.6353174603174603 0.2454780361757106 0.18194444444444444
0 0.24031007751937986 0.6494047619047619 0.3449612403100775 0.11488095238095238
0 0.2406330749354005 0.6638888888888889 0.24127906976744187 0.17896825396825397
0 0.23772609819121446 0.6775793650793651 0.354328165374677 0.11626984126984127
0 0.23449612403100775 0.6910714285714286 0.35239018087855295 0.11369047619047619
0 0.2315891472868217 0.7057539682539683 0.2567829457364341 0.19027777777777777
0 0.2270671834625323 0.725 0.36175710594315247 0.1259920634920635
0 0.3601421188630491 0.8579365079365079 0.2467700258397933 0.18293650793650792
0 0.35594315245478036 0.8718253968253968 0.25872093023255816 0.19186507936507938
0 0.3530361757105943 0.8847222222222222 0.2522609819121447 0.1873015873015873
0 0.35174418604651164 0.8988095238095238 0.355297157622739 0.09265873015873016
0 0.3478682170542636 0.9140873015873016 0.35497416020671835 0.08968253968253968
0 0.34108527131782945 0.9265873015873016 0.356266149870801 0.09027777777777778
0 0.3407622739018088 0.9398809523809524 0.35239018087855295 0.0882936507936508
0 0.33624031007751937 0.9541666666666667 0.35820413436692505 0.09146825396825396
0 0.3339793281653747 0.9619047619047619 0.3588501291989664 0.07599206349206349
0 0.9376614987080103 0.5781746031746032 0.12467700258397933 0.1388888888888889
0 0.9221576227390181 0.5912698412698413 0.15536175710594316 0.07599206349206349
0 0.9357235142118863 0.606547619047619 0.1285529715762274 0.1376984126984127
0 0.916343669250646 0.6428571428571429 0.16731266149870802 0.09325396825396826
0 0.9299095607235142 0.6577380952380952 0.14018087855297157 0.14563492063492064
0 0.9289405684754521 0.6704365079365079 0.1421188630490956 0.14662698412698413
0 0.9102067183462532 0.7982142857142858 0.1479328165374677 0.15138888888888888
0 0.9060077519379846 0.8089285714285714 0.14373385012919895 0.14702380952380953
0 0.9008397932816538 0.8228174603174603 0.19832041343669252 0.09821428571428571
0 0.9011627906976745 0.8384920634920635 0.13953488372093023 0.14226190476190476
0 0.9001937984496124 0.8533730158730158 0.1973514211886305 0.09067460317460317
0 0.8979328165374677 0.8670634920634921 0.19509043927648578 0.09007936507936508
0 0.8947028423772609 0.8811507936507936 0.14179586563307495 0.14523809523809525
0 0.8905038759689923 0.8936507936507937 0.20122739018087854 0.09404761904761905
0 0.8895348837209303 0.9075396825396825 0.13468992248062014 0.1378968253968254
0 0.8866279069767442 0.9230158730158731 0.14276485788113696 0.14603174603174604
0 0.8762919896640827 0.9426587301587301 0.14018087855297157 0.11468253968253968
0 0.876937984496124 0.9694444444444444 0.19186046511627908 0.06091269841269841
0 0.874031007751938 0.9744047619047619 0.19089147286821706 0.05119047619047619
0 0.8733850129198967 0.9825396825396825 0.18895348837209303 0.034722222222222224