0 0.2405471476542023 0.2540872884958902 0.1870577118240426 0.13972386180962074
0 0.2921940928270042 0.24205378973105135 0.10864978902953587 0.19559902200489
0 0.34862869198312235 0.24511002444987776 0.08333333333333333 0.18948655256723718
0 0.3808016877637131 0.265281173594132 0.15822784810126583 0.1466992665036675
0 0.4380274261603376 0.24898125509372454 0.04377637130801688 0.1817440912795436
0 0.435126582278481 0.267318663406683 0.049578059071729956 0.14506927465362673
0 0.4253691983122363 0.04095354523227384 0.06909282700421941 0.08190709046454768
0 0.397415611814346 0.042379788101059496 0.125 0.08475957620211899
0 0.38792194092827004 0.05908720456397718 0.09862869198312237 0.11817440912795436
0 0.33306962025316456 0.037897310513447434 0.2020042194092827 0.07579462102689487
0 0.2776898734177215 0.034229828850855744 0.19145569620253164 0.06845965770171149
0 0.5226793248945147 0.11083944580277098 0.12552742616033755 0.08801955990220049
0 0.5614451476793249 0.1132844335778321 0.11075949367088607 0.13080684596577016
0 0.6558544303797469 0.1132844335778321 0.15137130801687765 0.13549307253463733
0 0.7703059071729957 0.11858190709046455 0.22072784810126583 0.10330073349633252
0 0.8618143459915611 0.12082314588427058 0.10047468354430379 0.13691931540342298
0 0.919831223628692 0.12265688671556642 0.14583333333333334 0.10105949470252648
0 0.5477320675105485 0.23634881825590873 0.10944092827004219 0.051548492257538714
0 0.567246835443038 0.2402200488997555 0.04509493670886076 0.08068459657701711
0 0.5867616033755274 0.23879380603096984 0.13343881856540085 0.06275468622656886
0 0.6039029535864979 0.2400162999185004 0.0290084388185654 0.049918500407497964
0 0.6231540084388185 0.2402200488997555 0.03850210970464135 0.05256723716381418
0 0.6408227848101266 0.2406275468622657 0.11339662447257384 0.053178484107579464
0 0.6590189873417721 0.24103504482477586 0.0490506329113924 0.02302363488182559
0 0.6735232067510548 0.24185004074979624 0.051424050632911396 0.09576202118989405
0 0.689873417721519 0.24327628361858192 0.14688818565400844 0.06907090464547677
0 0.7080696202531646 0.2436837815810921 0.09124472573839662 0.042379788101059496
0 0.7281118143459916 0.24470252648736757 0.048259493670886076 0.10146699266503667
0 0.12368143459915612 0.595558272208639 0.24736286919831224 0.41687041564792177
0 0.15611814345991562 0.6497555012224939 0.31223628691983124 0.6198044009779952
0 0.33069620253164556 0.5975957620211899 0.17827004219409281 0.5154849225753871
0 0.28639240506329117 0.6096169519152405 0.3470464135021097 0.4449877750611247
0 0.4311708860759494 0.6524042379788101 0.05748945147679325 0.6251018744906276
0 0.3515295358649789 0.617563162184189 0.21677215189873417 0.4127954360228199
0 0.38106540084388185 0.6155256723716381 0.15770042194092826 0.3981255093724531
0 0.4820675105485232 0.5558272208638957 0.04430379746835443 0.15077424612876936
0 0.5145042194092827 0.5468622656886716 0.10917721518987342 0.1719641401792991
0 0.5116033755274262 0.5535859820700897 0.10337552742616034 0.30440097799511
0 0.5817705960052969 0.8078806817372741 0.21259081195432739 0.15879596164120088
0 0.6079876345181244 0.8027279915096796 0.22924283377842622 0.17123428761831852
0 0.6369695534619684 0.8074014862543887 0.06371242903161359 0.27119035679862546
0 0.6591651567649993 0.8148385554442472 0.05241310707597731 0.27551635051157525
0 0.6843549841909509 0.8092641414473549 0.06781903066096263 0.2773526165600343
0 0.7131422931391237 0.8129153348340917 0.06393355890200618 0.274450340498707
0 0.7421921938083877 0.8126952975769818 0.0656816847858134 0.2769166669839491
0 0.7654000662223176 0.8168830524218496 0.04977821899244463 0.2677454376103067
0 0.7876498306338693 0.8196303385911443 0.06462907518329339 0.2691670927928619
0 0.8162010677356722 0.8228704775636739 0.06587741614056183 0.27203380433722063
0 0.8402277206239076 0.8266614038011223 0.054191116911738633 0.2706548265750281
0 0.6206375916743698 0.534519646692342 0.05252815744748378 0.2616756455930164
0 0.6542961216176764 0.5364011153783265 0.07640054083166921 0.2640332160582854
0 0.8880001001909049 0.6788407180400658 0.09862336419018639 0.498429899342368
0 0.9841772151898734 0.5550122249388753 0.03164556962025317 0.27383863080684595