0 0.1449468085106383 0.04450261780104712 0.2898936170212766 0.08900523560209424
0 0.1449468085106383 0.08952879581151832 0.2898936170212766 0.17905759162303664
0 0.1449468085106383 0.08586387434554973 0.2898936170212766 0.17172774869109947
0 0.1449468085106383 0.12015706806282722 0.2898936170212766 0.19214659685863875
0 0.1449468085106383 0.1856020942408377 0.2898936170212766 0.3712041884816754
0 0.1449468085106383 0.21020942408376964 0.2898936170212766 0.42041884816753927
0 0.1449468085106383 0.2261780104712042 0.2898936170212766 0.4272251308900524
0 0.8731382978723404 0.08638743455497382 0.25372340425531914 0.17277486910994763
0 0.8587765957446809 0.18010471204188483 0.2824468085106383 0.32356020942408376
0 0.8284574468085106 0.3405759162303665 0.34308510638297873 0.19842931937172775
0 0.8281914893617022 0.4130890052356021 0.34361702127659577 0.05340314136125655
0 0.5053191489361702 0.05471204188481675 0.1797872340425532 0.1094240837696335
0 0.4952127659574468 0.06675392670157068 0.16914893617021276 0.13350785340314136
0 0.5007281237902231 0.08166790503263457 0.32543697643299985 0.05186548924384005
0 0.498328852256151 0.10649436975814056 0.1546388044303701 0.03892122897676813
0 0.4977065225121533 0.13474225236867657 0.1637092341002015 0.03954835615424173
0 0.4974767252700623 0.16037842610668318 0.27246849889803415 0.05544475346011819
0 0.497050661777018 0.18732045428095456 0.1042206572552396 0.030495161423839397
0 0.49609381429291566 0.2092856143784015 0.29528508636688194 0.05465959654868929
0 0.49230900256811705 0.23304972824858144 0.35351469807621566 0.06003568546394081
0 0.4916169816282641 0.25998871033555715 0.220203718736974 0.0422883674985993
0 0.48972061760690794 0.2892684829284634 0.31459901960202874 0.06796182789498148
0 0.05132978723404255 0.4712041884816754 0.1026595744680851 0.06282722513089005
0 0.022606382978723406 0.5544502617801047 0.04521276595744681 0.20104712041884817
0 0.04893617021276596 0.5952879581151832 0.09787234042553192 0.10052356020942409
0 0.04840425531914894 0.6340314136125654 0.09680851063829787 0.10261780104712041
0 0.0425531914893617 0.7986910994764398 0.0851063829787234 0.06649214659685863
0 0.04069148936170213 0.8418848167539267 0.08138297872340426 0.06701570680628273
0 0.040957446808510635 0.8845549738219896 0.08191489361702127 0.06335078534031413
0 0.039361702127659576 0.9219895287958115 0.07872340425531915 0.05445026178010471
0 0.039095744680851065 0.9518324607329843 0.07819148936170213 0.050261780104712044
0 0.039361702127659576 0.9772251308900524 0.07872340425531915 0.04554973821989529
0 0.20611702127659576 0.5015706806282723 0.1675531914893617 0.06596858638743455
0 0.20425531914893616 0.5447643979057591 0.17127659574468085 0.06439790575916231
0 0.20372340425531915 0.5916230366492147 0.1723404255319149 0.07539267015706806
0 0.2002659574468085 0.6717277486910995 0.17925531914893617 0.0712041884816754
0 0.20079787234042554 0.7034031413612566 0.17819148936170212 0.041361256544502616
0 0.20159574468085106 0.7191099476439791 0.17659574468085107 0.03926701570680628
0 0.20132978723404255 0.7353403141361257 0.17712765957446808 0.041361256544502616
0 0.20132978723404255 0.7507853403141361 0.17712765957446808 0.040837696335078534
0 0.20079787234042554 0.7654450261780105 0.17819148936170212 0.040837696335078534
0 0.20079787234042554 0.7808900523560209 0.17819148936170212 0.03926701570680628
0 0.19028719439422156 0.7909993941231769 0.16455231386581748 0.025430507023565
0 0.3425531914893617 0.5321989528795812 0.10531914893617021 0.18481675392670158
0 0.3345744680851064 0.6698952879581151 0.08936170212765958 0.23089005235602095
0 0.3571808510638298 0.8363874345549738 0.1345744680851064 0.16701570680628272
0 0.35132978723404257 0.9602094240837696 0.12287234042553191 0.07958115183246073
0 0.7513297872340425 0.9688481675392671 0.2154255319148936 0.06230366492146597
0 0.7449468085106383 0.8856020942408377 0.24627659574468086 0.22879581151832462
0 0.7535635795860243 0.7143331644298713 0.24406903817415201 0.2309284394306391
0 0.7441808828188085 0.5480967057631335 0.26996487427441024 0.10826341286603937