0 0.13557046979865772 0.06677524429967427 0.27114093959731544 0.13355048859934854
0 0.21476510067114093 0.09554831704668838 0.42953020134228187 0.19109663409337677
0 0.2936241610738255 0.11264929424538545 0.2677852348993289 0.2252985884907709
0 0.32651006711409397 0.16530944625407165 0.20604026845637585 0.3306188925081433
0 0.276510067114094 0.11129207383279044 0.30604026845637583 0.22258414766558088
0 0.31208053691275167 0.10559174809989143 0.2348993288590604 0.21118349619978286
0 0.3302013422818792 0.11699239956568946 0.19865771812080538 0.23398479913137893
0 0.35436241610738256 0.12839305103148752 0.15033557046979865 0.25678610206297503
0 0.9684563758389262 0.15363735070575463 0.06308724832214765 0.30727470141150925
0 0.9459731543624161 0.14413680781758959 0.10805369127516778 0.28827361563517917
0 0.8993288590604027 0.13979370249728557 0.14630872483221477 0.27958740499457113
0 0.8426174496644295 0.13463626492942454 0.1348993288590604 0.2692725298588491
0 0.7869127516778524 0.1281216069489685 0.1523489932885906 0.256243213897937
0 0.04429530201342282 0.5366449511400652 0.08859060402684564 0.2252985884907709
0 0.23523489932885905 0.4375678610206297 0.25838926174496646 0.09554831704668838
0 0.14768173459881168 0.5909434376781096 0.28554816096633895 0.23419299265181112
0 0.10671140939597315 0.8279044516829533 0.2134228187919463 0.2301845819761129
0 0.33557046979865773 0.508414766558089 0.18791946308724833 0.23724212812160694
0 0.2779036571551819 0.7765684065846952 0.29296975713956674 0.2397261119320556
0 0.5174496644295302 0.43295331161780676 0.1476510067114094 0.08631921824104234
0 0.6067114093959731 0.44136807817589574 0.14899328859060404 0.10314875135722042
0 0.6422818791946309 0.4174809989142237 0.3275167785234899 0.05537459283387622
0 0.6721476510067114 0.4155808903365907 0.30268456375838926 0.05157437567861021
0 0.9157718120805369 0.44625407166123776 0.16845637583892617 0.11292073832790445
0 0.9278523489932886 0.4527687296416938 0.14429530201342283 0.1259500542888165