0 0.1794907325737107 0.48236805821505935 0.2608555798522623 0.1646690831325844
0 0.2440461410911969 0.4839494784224978 0.257511277546464 0.16255794104114102
0 0.3154281824060438 0.48642504562069905 0.13449001740956212 0.23046818745915276
0 0.3660025706940874 0.49230465666929757 0.2474293059125964 0.1653512233622731
0 0.4000642673521851 0.4962509865824783 0.17930591259640102 0.1574585635359116
0 0.4318766066838046 0.5021704814522494 0.11568123393316196 0.15509076558800317
0 0.4579048843187661 0.5035516969218626 0.06362467866323908 0.164956590370955
0 0.4273778920308483 0.2488161010260458 0.12467866323907455 0.23954222573007103
0 0.39066741563235224 0.24593781440917312 0.14268765155777122 0.22845913006186214
0 0.3375884762206016 0.24247846104665055 0.26419988215806045 0.16678022522402788
0 0.28359790040469207 0.23984976680722006 0.24410788138396242 0.15371873968404942
0 0.22905630535451232 0.23862988346437344 0.27220002075266747 0.17145233325217393
0 0.5279562982005142 0.43626677190213103 0.039524421593830336 0.12174427782162589
0 0.547879177377892 0.43389897395422256 0.07969151670951156 0.12569060773480664
0 0.5449871465295629 0.43745067087608525 0.07712082262210797 0.19179163378058406
0 0.5549485861182519 0.17107340173638516 0.07133676092544987 0.08859510655090766
0 0.5809768637532133 0.1750197316495659 0.11278920308483291 0.09707971586424625
0 0.5941516709511568 0.47059984214680345 0.12853470437017994 0.11148382004735596
0 0.634318766066838 0.47375690607734805 0.11889460154241645 0.10220994475138122
0 0.6696658097686375 0.47730860299921074 0.07101542416452442 0.13812154696132597
0 0.708547557840617 0.47928176795580113 0.07904884318766067 0.14127861089187055
0 0.7525706940874036 0.48303078137332284 0.09447300771208227 0.14325177584846094
0 0.6532776349614395 0.3267561168113654 0.1262853470437018 0.1085240726124704
0 0.6976221079691517 0.329518547750592 0.11696658097686376 0.10043409629044989
0 0.7355398457583547 0.3328729281767956 0.1217866323907455 0.10457774269928966
0 0.6417095115681234 0.17699289660615627 0.08161953727506427 0.1393054459352802
0 0.6892673521850899 0.18074191002367798 0.06587403598971722 0.13792423046566693
0 0.7239717223650386 0.1840962904498816 0.058804627249357325 0.13535911602209943
0 0.7647814910025706 0.18705603788476716 0.07422879177377892 0.138318863456985
0 0.8071979434447301 0.1910023677979479 0.06362467866323908 0.1404893449092344
0 0.8801413881748072 0.4538279400157853 0.08161953727506427 0.20619573796369375
0 0.913560411311054 0.45501183898973957 0.07519280205655526 0.2058011049723757
0 0.9466580976863753 0.4583662194159432 0.08161953727506427 0.20659037095501184
0 0.971401028277635 0.4619179163378058 0.05687660668380463 0.20402525651144435
0 0.8489717223650386 0.24131807419100237 0.08611825192802057 0.19297553275453827
0 0.8920308483290489 0.24368587213891083 0.07840616966580977 0.19139700078926597
0 0.9289845758354756 0.24822415153906865 0.07551413881748072 0.1884372533543804
0 0.9640102827763496 0.24960536700868194 0.07197943444730077 0.1900157853196527
0 0.9932519280205655 0.2531570639305446 0.013174807197943445 0.18054459352801894
0 0.08676092544987146 0.750394632991318 0.17352185089974292 0.10142067876874507
0 0.18026992287917737 0.760457774269929 0.16002570694087404 0.12154696132596685
0 0.4283419023136247 0.7728887134964483 0.12275064267352186 0.1464088397790055
0 0.5645886889460154 0.7720994475138122 0.14974293059125965 0.14483030781373324
0 0.5726221079691517 0.771310181531176 0.16580976863753213 0.14325177584846094
0 0.5588046272493573 0.7902525651144435 0.09061696658097686 0.18113654301499604
0 0.5931876606683805 0.7730860299921073 0.2069408740359897 0.1468034727703236
0 0.5983290488431876 0.7726913970007893 0.21722365038560412 0.13891081294396213
0 0.6172693280884171 0.7746110910090981 0.216041928954566 0.136379779107243
0 0.6363591316795623 0.7757701908700556 0.23741927677236577 0.14949645550116272
0 0.6547931682792024 0.7767595696623247 0.22941913817775883 0.1448243474730166
0 0.6741645244215938 0.7924230465666929 0.10025706940874037 0.18547750591949486
0 0.6934447300771208 0.7959747434885557 0.11696658097686376 0.1925808997632202
0 0.7124035989717223 0.7965666929755327 0.12275064267352186 0.19376479873717442
0 0.7312833173403271 0.7833691340627453 0.2381143241728343 0.1503133169107695
0 0.7519928982057541 0.7846565618519353 0.22473711494964133 0.14186874854499582
0 0.7791554012289987 0.7860626683627375 0.2494849520125482 0.157491200021677
0 0.8981362467866324 0.8897000789265983 0.09318766066838047 0.22059984214680348
0 0.9177377892030848 0.8898973954222573 0.08997429305912596 0.2202052091554854
0 0.9357326478149101 0.8908839779005525 0.08868894601542417 0.21823204419889503
0 0.9543701799485861 0.8918705603788477 0.09125964010282776 0.21625887924230466
0 0.9659383033419023 0.8922651933701657 0.06812339331619537 0.2154696132596685
0 0.9755784061696658 0.8914759273875296 0.04884318766066838 0.2170481452249408
0 0.9848971722365039 0.8932517758484609 0.030205655526992288 0.21349644830307812
0 0.9942159383033419 0.8932517758484609 0.011568123393316195 0.21349644830307812