0 0.32135372960722003 0.41890548271292255 0.13333070708136158 0.2197744325685263
0 0.25608792702958694 0.4231935582739984 0.26629546534931303 0.16023815613306125
0 0.18391133609385274 0.42880409070040665 0.16924233051127152 0.2329094299792614
0 0.12727272727272726 0.43720095693779903 0.2545454545454545 0.15430622009569378
0 0.09675324675324676 0.4437799043062201 0.19350649350649352 0.15709728867623604
0 0.06753246753246753 0.4523524720893142 0.13506493506493505 0.16068580542264752
0 0.03474025974025974 0.45614035087719296 0.06948051948051948 0.15629984051036683
0 0.060714285714285714 0.19517543859649122 0.12142857142857143 0.23484848484848486
0 0.1013307425262898 0.1897114103429007 0.1532874887671795 0.22716025870403128
0 0.1546761646308551 0.18389904502856644 0.2757038825770877 0.1651202816948616
0 0.20926737001131077 0.1788980473896136 0.2561054024151605 0.15335545040183193
0 0.26407741467081997 0.17549542595977716 0.2804610092137859 0.1683587926416309
0 0.8633116883116884 0.3684210526315789 0.057467532467532466 0.20992822966507177
0 0.8506493506493507 0.3698165869218501 0.13733766233766234 0.1371610845295056
0 0.8376623376623377 0.3710127591706539 0.07435064935064935 0.21291866028708134
0 0.825 0.3708133971291866 0.13636363636363635 0.13636363636363635
0 0.8126623376623376 0.37320574162679426 0.1353896103896104 0.13456937799043062
0 0.7996753246753247 0.3753987240829346 0.13896103896103895 0.13895534290271133
0 0.7285714285714285 0.39055023923444976 0.1357142857142857 0.13636363636363635
0 0.7159090909090909 0.39174641148325356 0.1357142857142857 0.13536682615629983
0 0.7038961038961039 0.3953349282296651 0.07792207792207792 0.21212121212121213
0 0.6909090909090909 0.3969298245614035 0.06168831168831169 0.20833333333333334
0 0.6779220779220779 0.3993221690590112 0.075 0.20952950558213715
0 0.6655844155844156 0.4007177033492823 0.1435064935064935 0.14334130781499202
0 0.4883116883116883 0.7202950558213717 0.12337662337662338 0.13118022328548645
0 0.4279220779220779 0.7300637958532695 0.18311688311688312 0.16028708133971292
0 0.11854635562339817 0.7569670248958624 0.23654329616059097 0.17147404606462982
0 0.04188311688311688 0.7707336523125997 0.08376623376623377 0.1291866028708134
0 0.8633116883116884 0.8482854864433812 0.057467532467532466 0.11303827751196172
0 0.8506493506493507 0.8490829346092504 0.13733766233766234 0.07396331738437002
0 0.8376623376623377 0.8496810207336523 0.07435064935064935 0.11463317384370016
0 0.825 0.8496810207336523 0.13636363636363635 0.0733652312599681
0 0.8126623376623376 0.8508771929824561 0.1353896103896104 0.07256778309409888
0 0.7996753246753247 0.85207336523126 0.13896103896103895 0.07476076555023924
0 0.7285714285714285 0.8602472089314195 0.1357142857142857 0.0733652312599681
0 0.7159090909090909 0.8608452950558214 0.1357142857142857 0.0729665071770335
0 0.7038961038961039 0.8628389154704944 0.07792207792207792 0.11423444976076555
0 0.6909090909090909 0.8636363636363636 0.06168831168831169 0.1122408293460925
0 0.6779220779220779 0.8650318979266348 0.075 0.11283891547049442
0 0.6655844155844156 0.865829346092504 0.1435064935064935 0.07715311004784689