0 0.07677419354838709 0.014456630109670987 0.15354838709677418 0.028913260219341975
0 0.32225806451612904 0.013459621136590228 0.14903225806451612 0.026919242273180457
0 0.35419354838709677 0.024675972083748755 0.2709677419354839 0.04935194416749751
0 0.3319155469050809 0.04340899926734419 0.24602977951447047 0.06281090562021885
0 0.3279838406790311 0.07594500314276384 0.23597001073727003 0.06955788844583381
0 0.3222198981015696 0.11117926669678997 0.17195879375082299 0.13286945678652823
0 0.321216124148044 0.15299562356969418 0.2541778011798621 0.09088671185682078
0 0.32154960346587086 0.19608725165719315 0.1759423951504559 0.1359475137005017
0 0.07967741935483871 0.10717846460618145 0.15935483870967743 0.13758723828514458
0 0.07870967741935483 0.1440677966101695 0.15741935483870967 0.08275174476570289
0 0.07580645161290323 0.18693918245264207 0.15161290322580645 0.14057826520438685
0 0.06548387096774194 0.22258225324027917 0.13096774193548388 0.12612163509471586
0 0.057741935483870965 0.25373878364905283 0.11548387096774193 0.11964107676969092
0 0.05548387096774193 0.2853938185443669 0.11096774193548387 0.12013958125623131
0 0.06903225806451613 0.32926221335992023 0.13806451612903226 0.1440677966101695
0 0.27585493175205805 0.38632356456070344 0.16395404639899117 0.1257163339855003
0 0.30136199665134844 0.3532764691827864 0.16731125878458458 0.12927839038689248
0 0.2664995502147703 0.3176268951706216 0.1407539161203648 0.10875801096040164
0 0.25192213987078765 0.2814372196577155 0.12286525437458222 0.09590376382060076
0 0.40752469463432356 0.45926444474400513 0.14208178325357568 0.1097840299317262
0 0.6364516129032258 0.1438185443668993 0.2535483870967742 0.19890329012961117
0 0.6758064516129032 0.16350947158524426 0.33225806451612905 0.07776669990029911
0 0.6345161290322581 0.1836989032901296 0.2496774193548387 0.19690927218344964
0 0.6416129032258064 0.20363908275174478 0.26387096774193547 0.21485543369890328
0 0.6393548387096775 0.22308075772681954 0.2593548387096774 0.21286141575274178
0 0.6748387096774193 0.24351944167497508 0.3303225806451613 0.09820538384845463
0 0.6229032258064516 0.35468594217347954 0.2264516129032258 0.19890329012961117
0 0.6277419354838709 0.37462612163509473 0.2361290322580645 0.21385842472582253
0 0.6612903225806451 0.3935692921236291 0.3032258064516129 0.08325024925224327
0 0.6587096774193548 0.414506480558325 0.29806451612903223 0.1011964107676969
0 0.6167741935483871 0.42771684945164506 0.21419354838709678 0.18444666001994017
0 0.6593548387096774 0.4533898305084746 0.29935483870967744 0.09122632103688934
0 0.20784293265860257 0.6186724181109851 0.22507347907926253 0.17391021563950992
0 0.4241935483870968 0.6532901296111665 0.17096774193548386 0.14107676969092722
0 0.184037783831964 0.782504416210142 0.2947865035728394 0.22777621163404846
0 0.43451612903225806 0.8068295114656032 0.1503225806451613 0.19990029910269191
0 0.31870967741935485 0.9192422731804586 0.27225806451612905 0.16151545363908276
0 0.607741935483871 0.9279661016949152 0.19612903225806452 0.1440677966101695
0 0.6403225806451613 0.9748255234297108 0.26129032258064516 0.050348953140578266
0 0.9009677419354839 0.9723330009970089 0.19806451612903225 0.05533399800598205