0 0.009419152276295133 0.18032786885245902 0.018838304552590265 0.16700819672131148
0 0.19592938389563302 0.17811396654957828 0.07218062213012613 0.16487913025257117
0 0.24200003849697746 0.19701197434510134 0.12236781931640453 0.21012496629037294
0 0.3042416097271217 0.17093749983486375 0.1716266672816051 0.11053543044515199
0 0.17983936845187143 0.37859050408753686 0.10839946827487132 0.1733939619821558
0 0.2340156742775761 0.4076325075748428 0.22498568327693655 0.14366521126001314
0 0.29098706106297295 0.39246541873947716 0.20558677041774648 0.1322207453523238
0 0.34217567762725765 0.3923040762347211 0.10143114912811985 0.1863854184154705
0 0.3985624448409372 0.39118034546738556 0.21055263944407648 0.13444895242446503
0 0.4638237419435243 0.39405306940822643 0.13593593942424742 0.19993368759259103
0 0.5296777487363324 0.3984328408042569 0.11728985453779385 0.20075446586140264
0 0.479289011086042 0.1923256319560619 0.21734466007130476 0.13878601540589947
0 0.5450868404575129 0.17529344217696166 0.1833845569351635 0.11710070049872764
0 0.6055104797504597 0.191861336952782 0.10320914865358609 0.20684738390344684
0 0.6149921507064364 0.1864754098360656 0.10910518053375197 0.13217213114754098
0 0.6440345368916798 0.18007172131147542 0.05102040816326531 0.1244877049180328
0 0.6424646781789639 0.3506659836065574 0.05416012558869702 0.08862704918032786
0 0.7029042386185244 0.12218237704918032 0.06671899529042387 0.17981557377049182
0 0.6981946624803768 0.13447745901639344 0.05729984301412873 0.26895491803278687
0 0.7755102040816326 0.1252561475409836 0.2119309262166405 0.18903688524590165
0 0.6903453689167975 0.4577356557377049 0.041601255886970175 0.08452868852459017
0 0.8452262094313518 0.08273203724321972 0.22237460231968026 0.14152651756000803
0 0.9218995290423861 0.09016393442622951 0.1075353218210361 0.18032786885245902
0 0.9611459968602826 0.09067622950819672 0.07770800627943485 0.18135245901639344
0 0.9764521193092621 0.08094262295081968 0.04709576138147567 0.1413934426229508
0 0.8753349950330259 0.3010819924127669 0.23007969874735787 0.14691800849608894
0 0.923469387755102 0.3009733606557377 0.15306122448979592 0.14190573770491804
0 0.9858712715855573 0.29969262295081966 0.0282574568288854 0.19774590163934427
0 0.7751177394034537 0.46951844262295084 0.21114599686028257 0.06096311475409836
0 0.8610675039246468 0.45850409836065575 0.1271585557299843 0.08299180327868852
0 0.9277864992150706 0.45850409836065575 0.10361067503924647 0.08299180327868852
0 0.9470172684458399 0.4692622950819672 0.10596546310832025 0.06147540983606557
0 0.09875858585275799 0.6061369855816438 0.14553151976526277 0.1579801138128419
0 0.04709576138147567 0.9521004098360656 0.09419152276295134 0.09579918032786885
0 0.10361067503924647 0.9474897540983607 0.15698587127158556 0.10502049180327869
0 0.19985435454041509 0.6160602022114758 0.15430981027590468 0.1781983243352598
0 0.5023245003182104 0.6086411756523499 0.24451274258021793 0.1561342673316368
0 0.42690811570218273 0.7868996536174929 0.16672448284172978 0.1837688420156131
0 0.39324960753532184 0.944672131147541 0.2119309262166405 0.11065573770491803
0 0.49646781789638933 0.9533811475409836 0.1781789638932496 0.0932377049180328
0 0.6103564219963991 0.6068288884029351 0.06807980637401043 0.15707535286021473
0 0.7319466248037677 0.6618852459016393 0.12480376766091052 0.13831967213114754
0 0.7390537066444556 0.6624338655595571 0.06694227997860597 0.19170255389900046
0 0.8074386704806636 0.6590695351446552 0.16143811815997466 0.20396226738718093
0 0.8995290423861853 0.6557377049180327 0.20094191522762953 0.1444672131147541
0 0.728806907378336 0.852202868852459 0.1185243328100471 0.2074795081967213