0 0.15641361256544503 0.09908998988877654 0.13678010471204188 0.07128412537917088
0 0.1606675392670157 0.1185540950455005 0.20582460732984292 0.04019211324570273
0 0.1642670157068063 0.1519211324570273 0.15412303664921467 0.08088978766430738
0 0.1737565445026178 0.18503538928210314 0.1518324607329843 0.07912032355915066
0 0.17899214659685864 0.22522750252780585 0.2025523560209424 0.050808897876643076
0 0.19404450261780104 0.27275025278058646 0.17539267015706805 0.09201213346814964
0 0.2054973821989529 0.33594539939332657 0.1551047120418848 0.08088978766430738
0 0.45909685863874344 0.32735085945399395 0.19142670157068062 0.09984833164812942
0 0.46040575916230364 0.352376137512639 0.2778141361256545 0.041708796764408494
0 0.44829842931937175 0.27401415571284127 0.25785340314136124 0.054600606673407485
0 0.43357329842931935 0.24696663296258847 0.24541884816753926 0.03816986855409504
0 0.4388089005235602 0.22573306370070778 0.28043193717277487 0.048281092012133466
0 0.4283376963350785 0.20424671385237614 0.26472513089005234 0.03640040444893832
0 0.42670157068062825 0.1820020222446916 0.27585078534031415 0.044489383215369056
0 0.41721204188481675 0.16076845298281092 0.17637434554973822 0.09201213346814964
0 0.41524869109947643 0.13751263902932254 0.17833769633507854 0.09302325581395349
0 0.4087041884816754 0.11248736097067745 0.2882853403141361 0.05990899898887765
0 0.6570680628272252 0.01820020222446916 0.10340314136125654 0.03640040444893832
0 0.6678664921465969 0.011627906976744186 0.13678010471204188 0.023255813953488372
0 0.6672120418848168 0.03008088978766431 0.0975130890052356 0.06016177957532862
0 0.6609947643979057 0.03665318503538928 0.10340314136125654 0.07330637007077856
0 0.6698298429319371 0.044489383215369056 0.1407068062827225 0.022244691607684528
0 0.666036493222474 0.05710261111366704 0.09892730643331384 0.07559797278953621
0 0.8291368605535773 0.12817058347650018 0.09608047747120414 0.07342249155818265
0 0.8322656726492723 0.14718659116272692 0.08682828334434738 0.0663521775562836
0 0.8340323322364742 0.17139606375961444 0.13828480613472932 0.044253777110914404
0 0.837913495043513 0.20853565540043745 0.1372375670093464 0.05222782847253573
0 0.9466623036649214 0.14661274014155712 0.10667539267015706 0.06370070778564206
0 0.8523348372328865 0.2842090523772519 0.13537271020624403 0.03002144599978767
0 0.8607441966537901 0.3067985261993646 0.14613820927609056 0.044713486730152054
0 0.8602365970663555 0.3338881292939178 0.13987198156439776 0.03530691253842571
0 0.8628500963533247 0.3483540864240272 0.08546212584203974 0.06576999811350874
0 0.8695334396578428 0.3643138012960103 0.09898456341206112 0.07610353396243819
0 0.9597513089005235 0.2972699696663296 0.08049738219895287 0.04954499494438827
0 0.9636780104712042 0.33645096056622853 0.07264397905759162 0.0621840242669363
0 0.7075739101415348 0.31766977298157917 0.15529190942070947 0.0738752557999898
0 0.675008928611537 0.17363823267692377 0.1433320237847972 0.06011771914555631
0 0.21891361256544503 0.7072800808897877 0.2143324607329843 0.14155712841253792
0 0.22153141361256545 0.7229524772497472 0.32918848167539266 0.04954499494438827
0 0.2218586387434555 0.737108190091001 0.19469895287958114 0.12891809908998988
0 0.2274214659685864 0.7517694641051568 0.20287958115183247 0.134479271991911
0 0.23265706806282724 0.7644084934277048 0.32918848167539266 0.03387259858442872
0 0.22840314136125656 0.7737613751263903 0.1979712041884817 0.13119312436804853
0 0.23102094240837695 0.7831142568250758 0.18651832460732984 0.12360970677451971
0 0.24083769633507854 0.8228008088978767 0.20222513089005237 0.134479271991911
0 0.24280104712041886 0.833164812942366 0.3262434554973822 0.03361981799797775
0 0.23854712041884818 0.8410010111223458 0.3131544502617801 0.04979777553083923
0 0.24476439790575916 0.8516177957532861 0.31413612565445026 0.03361981799797775
0 0.24410994764397906 0.8602123356926188 0.3102094240837696 0.043478260869565216
0 0.24803664921465968 0.8695652173913043 0.3131544502617801 0.03109201213346815
0 0.24509162303664922 0.8789180990899899 0.3098821989528796 0.0358948432760364
0 0.25294502617801046 0.9130434782608695 0.18488219895287958 0.12234580384226491
0 0.25392670157068065 0.9216380182002022 0.18390052356020942 0.121840242669363
0 0.2568717277486911 0.929474216380182 0.30530104712041883 0.05232558139534884
0 0.2568717277486911 0.9393326592517695 0.3092277486910995 0.030333670374115267
0 0.26112565445026176 0.9481799797775531 0.3102094240837696 0.03185035389282103
0 0.5147251308900523 0.9239130434782609 0.1695026178010471 0.02679474216380182
0 0.5166884816753927 0.9342770475227502 0.1655759162303665 0.0262891809908999
0 0.5166884816753927 0.9438827098078868 0.1655759162303665 0.028311425682507583
0 0.5179973821989529 0.954752275025278 0.16295811518324607 0.0262891809908999
0 0.518979057591623 0.9694135490394338 0.16099476439790575 0.03665318503538928
0 0.5196335078534031 0.9850859453993933 0.15968586387434555 0.025530839231547017
0 0.5202879581151832 0.9901415571284126 0.15837696335078533 0.019716885743174924
0 0.5104712041884817 0.865520728008089 0.17768324607329844 0.030333670374115267
0 0.5098167539267016 0.8533872598584429 0.17899214659685864 0.025278058645096056
0 0.5071989528795812 0.8430232558139535 0.18455497382198952 0.029322548028311426
0 0.5088350785340314 0.832912032355915 0.18095549738219896 0.025530839231547017
0 0.506217277486911 0.8230535894843276 0.18651832460732984 0.027805864509605663
0 0.5052356020942408 0.8119312436804853 0.18848167539267016 0.02578361981799798
0 0.5029450261780105 0.8020728008088979 0.19306282722513088 0.02679474216380182
0 0.5026178010471204 0.7914560161779576 0.193717277486911 0.029069767441860465
0 0.5022905759162304 0.7810920121334681 0.1943717277486911 0.027805864509605663
0 0.5009816753926701 0.7717391304347826 0.19698952879581152 0.02679474216380182
0 0.5006544502617801 0.762639029322548 0.19764397905759162 0.0262891809908999
0 0.4967277486910995 0.7512639029322548 0.2054973821989529 0.029322548028311426
0 0.49967277486910994 0.7421638018200202 0.19960732984293195 0.024266936299292215
0 0.49607329842931935 0.730788675429727 0.20647905759162305 0.02704752275025278
0 0.4944371727748691 0.7161274014155713 0.20975130890052357 0.03665318503538928
0 0.49345549738219896 0.6741658240647118 0.21204188481675393 0.029322548028311426
0 0.49247382198952877 0.6635490394337715 0.2136780104712042 0.02578361981799798
0 0.4895287958115183 0.6531850353892821 0.2198952879581152 0.02679474216380182
0 0.48789267015706805 0.6445904954499494 0.2231675392670157 0.029322548028311426
0 0.48658376963350786 0.6329625884732053 0.22578534031413613 0.02654196157735086
0 0.4869109947643979 0.6223458038422649 0.225130890052356 0.027300303336703743
0 0.48658376963350786 0.6127401415571284 0.22578534031413613 0.02679474216380182
0 0.4856020942408377 0.602881698685541 0.22774869109947643 0.02654196157735086
0 0.4839659685863874 0.5927704752275025 0.23102094240837695 0.028816986855409503
0 0.4829842931937173 0.582912032355915 0.2293848167539267 0.025278058645096056
0 0.48232984293193715 0.5733063700707786 0.2320026178010471 0.027805864509605663
0 0.4780759162303665 0.5616784630940344 0.2349476439790576 0.0275530839231547
0 0.47611256544502617 0.551567239635996 0.23232984293193717 0.029575328614762385
0 0.7257853403141361 0.6203235591506572 0.2526178010471204 0.19413549039433772
0 0.7611256544502618 0.6713852376137512 0.32329842931937175 0.0910010111223458
0 0.747847371768003 0.7282421230774667 0.25057820564440525 0.19194790953201502
0 0.7504685842762636 0.7743477338582466 0.2455389979819659 0.18763525620424457
0 0.7712696335078534 0.8235591506572295 0.343586387434555 0.07987866531850354
0 0.7606233912499495 0.8726219182852654 0.25834972831145975 0.19742492174533563
0 0.7702879581151832 0.9158240647118301 0.23821989528795812 0.16835187057633974
0 0.7827225130890052 0.935793731041456 0.25392670157068065 0.12841253791708795
0 0.7859947643979057 0.9876137512639029 0.36649214659685864 0.024772497472194135