0 0.12042682926829268 0.07796543597800472 0.14227642276422764 0.031421838177533384
0 0.11559959349593496 0.09524744697564808 0.1095020325203252 0.07010997643362137
0 0.10391260162601626 0.1249018067556952 0.11559959349593496 0.07344854673998429
0 0.09730691056910569 0.15416339355852318 0.1095020325203252 0.07010997643362137
0 0.08409552845528455 0.18970934799685782 0.11610772357723577 0.07403770620581304
0 0.07545731707317073 0.2319324430479183 0.13033536585365854 0.08248232521602514
0 0.058434959349593495 0.28790259230164966 0.11686991869918699 0.07619795758051846
0 0.24161585365853658 0.2922230950510605 0.20401422764227642 0.0420267085624509
0 0.2342479674796748 0.314611154752553 0.13922764227642276 0.08857030636292224
0 0.25609756097560976 0.24509033778476041 0.13770325203252032 0.0877847604084839
0 0.25635162601626016 0.22073841319717202 0.18064024390243902 0.04673998428908091
0 0.2690548780487805 0.20227808326787117 0.14380081300813008 0.09190887666928516
0 0.2705792682926829 0.18303220738413198 0.19410569105691056 0.047918303220738416
0 0.2787093495934959 0.1633935585231736 0.1483739837398374 0.09426551453260015
0 0.2807418699186992 0.14434406912804398 0.13948170731707318 0.08915946582875098
0 0.2891260162601626 0.1239198743126473 0.13338414634146342 0.08483896307934014
0 0.2944613821138211 0.10133542812254517 0.20630081300813008 0.04988216810683425
0 0.5172764227642277 0.03750981932443048 0.17479674796747968 0.07501963864886096
0 0.5139735772357723 0.05773762765121759 0.1681910569105691 0.11547525530243519
0 0.5391260162601627 0.05832678711704635 0.2184959349593496 0.08758837391987431
0 0.4992378048780488 0.0974076983503535 0.13871951219512196 0.18460329929300864
0 0.4969512195121951 0.13766692851531814 0.13414634146341464 0.19442262372348781
0 0.523119918699187 0.1777297721916732 0.18648373983739838 0.098586017282011
0 0.48653455284552843 0.21249018067556952 0.1133130081300813 0.19088766692851533
0 0.5144817073170732 0.24057344854673998 0.16920731707317074 0.08837391987431265
0 0.4814532520325203 0.26728201099764337 0.10315040650406504 0.19442262372348781
0 0.476880081300813 0.2833857030636292 0.09400406504065041 0.17321288295365278
0 0.47103658536585363 0.2992930086410055 0.08231707317073171 0.14139827179890024
0 0.501270325203252 0.3399450117831893 0.14278455284552846 0.0600942655145326
0 0.8419715447154471 0.016496465043205028 0.3160569105691057 0.032992930086410056
0 0.8401930894308943 0.023959151610369208 0.3196138211382114 0.047918303220738416
0 0.8394308943089431 0.036920659858601726 0.32113821138211385 0.04948939512961508
0 0.8376524390243902 0.05145326001571092 0.3246951219512195 0.05106048703849175
0 0.8363821138211383 0.06598586017282011 0.32723577235772355 0.05027494108405342
0 0.8340955284552846 0.07992930086410055 0.3318089430894309 0.05066771406127259
0 0.8328252032520326 0.09446190102120974 0.33434959349593496 0.04988216810683425
0 0.758328850759436 0.10038969944937054 0.19740132308144798 0.030126765487995272
0 0.28810975609756095 0.49076983503534954 0.28353658536585363 0.2415553809897879
0 0.3320630081300813 0.526904948939513 0.195630081300813 0.31382560879811466
0 0.2886178861788618 0.578750981932443 0.28252032520325204 0.41751767478397483
0 0.2863313008130081 0.6213668499607227 0.28709349593495936 0.4124116260801257
0 0.27515243902439024 0.6559308719560094 0.3094512195121951 0.4312647289866457
0 0.27515243902439024 0.6924587588373919 0.3094512195121951 0.4265514532600157
0 0.2149390243902439 0.7433228593872742 0.4298780487804878 0.17714061272584447
0 0.5876524390243902 0.46190102120974075 0.3155487804878049 0.06520031421838178
0 0.5801309013316044 0.47401795676300323 0.21029683423217455 0.15506285163278744
0 0.5773918536195214 0.4855807640186008 0.2016783161038039 0.14906156292938919
0 0.5756527848424549 0.4973536695184467 0.19522256812131847 0.1446587896461456
0 0.5710375944803076 0.5100708001333338 0.19897485342144727 0.14706341865419642
0 0.5680607629551594 0.521433792961412 0.20705267901334654 0.15266507850255595
0 0.5665757592187434 0.5332101264001675 0.20221900864027506 0.1494611917844279
0 0.5767276422764228 0.5445797329143754 0.2936991869918699 0.05066771406127259
0 0.5603517499002115 0.5561290706060239 0.19410862059320527 0.1434667589588492
0 0.5566778481634533 0.5666962336629346 0.2076259340049884 0.15345748033481363
0 0.7149390243902439 0.5954438334642577 0.5701219512195121 0.13275726630007856
0 0.8358287381597617 0.6418306764849024 0.22168393995324284 0.1638478305658166
0 0.8361280487804879 0.6796936370777691 0.3277439024390244 0.09465828750981932
0 0.8271826274087868 0.7154413303243993 0.2784566562827318 0.20580886034486734
0 0.5213414634146342 0.7653181461115475 0.18292682926829268 0.1645718774548311
0 0.5266768292682927 0.7849567949725059 0.19359756097560976 0.17478397486252945
0 0.5490345528455285 0.80655930871956 0.2383130081300813 0.06873527101335428
0 0.5434451219512195 0.822663000785546 0.22713414634146342 0.04831107619795758
0 0.5464939024390244 0.8417124901806756 0.23323170731707318 0.05970149253731343
0 0.5414126016260162 0.8629222309505106 0.22306910569105692 0.056559308719560095
0 0.5409044715447154 0.8843283582089553 0.22205284552845528 0.05773762765121759
0 0.5337906504065041 0.9016103692065985 0.20782520325203252 0.04595443833464258
0 0.5315040650406504 0.917910447761194 0.2032520325203252 0.05734485467399843
0 0.5289634146341463 0.9389238020424194 0.19817073170731708 0.05773762765121759
0 0.524390243902439 0.9567949725058916 0.18902439024390244 0.04870384917517675
0 0.8366361788617886 0.8036135113904164 0.32672764227642276 0.047918303220738416
0 0.8317944987830372 0.8285520979149437 0.334315473234356 0.06532242029594859
0 0.6852134146341463 0.9762372348782403 0.510670731707317 0.04752553024351924