0 0.4825 0.18795811518324607 0.035 0.2670157068062827
0 0.07655038088347595 0.19486003867214607 0.11748789291169259 0.2792041706186384
0 0.08125 0.19083769633507852 0.1625 0.16701570680628272
0 0.47 0.47041884816753926 0.06 0.15026178010471203
0 0.46208333333333335 0.468848167539267 0.07583333333333334 0.1418848167539267
0 0.44666666666666666 0.47172774869109946 0.10666666666666667 0.14973821989528796
0 0.43625 0.4756544502617801 0.1275 0.1481675392670157
0 0.42541666666666667 0.47408376963350785 0.14916666666666667 0.14293193717277486
0 0.45288940166154174 0.4741164712242047 0.07485050345385957 0.2684283577005996
0 0.42774379324286677 0.47586991709021126 0.06985050345385957 0.26839180465305273
0 0.3879166666666667 0.4725130890052356 0.22416666666666665 0.15340314136125655
0 0.3820560683282084 0.47463430606445206 0.08887978066269321 0.25806681265475834
0 0.35421631535130016 0.47850026929192835 0.09582122624502593 0.2790457740792685
0 0.2582373735992919 0.48077154999818206 0.1732809090663096 0.27019435472120273
0 0.14333333333333334 0.47984293193717276 0.2866666666666667 0.18795811518324607
0 0.041666666666666664 0.4829842931937173 0.08333333333333333 0.28534031413612565
0 0.9758333333333333 0.2518324607329843 0.04833333333333333 0.10575916230366492
0 0.9358333333333333 0.2531413612565445 0.12833333333333333 0.10837696335078534
0 0.8714077155069824 0.25341580415983445 0.19660835631528017 0.11758892142597165
0 0.9725 0.4604712041884817 0.055 0.20157068062827224
0 0.9095833333333333 0.4599476439790576 0.18083333333333335 0.1324607329842932
0 0.9670833333333333 0.6675392670157068 0.06583333333333333 0.10471204188481675
0 0.9358333333333333 0.6701570680628273 0.12833333333333333 0.09947643979057591
0 0.89125 0.668848167539267 0.21583333333333332 0.10209424083769633
0 0.8054166666666667 0.6494764397905759 0.10416666666666667 0.14083769633507853
0 0.6200128847138004 0.3107134239504703 0.1187662704618928 0.27502787329242795
0 0.5979166666666667 0.312565445026178 0.19583333333333333 0.17277486910994763
0 0.5270833333333333 0.31204188481675393 0.05416666666666667 0.2764397905759162
0 0.713722734994875 0.6113946470884356 0.2980718818373786 0.17902250579714693
0 0.6354166666666666 0.6133507853403142 0.2708333333333333 0.1743455497382199
0 0.5545833333333333 0.5960732984293193 0.10916666666666666 0.2476439790575916
0 0.5595833333333333 0.6133507853403142 0.11916666666666667 0.1712041884816754
0 0.24366092532876982 0.8825545397236086 0.17616253447292024 0.17551524725971954
0 0.9495833333333333 0.8353403141361256 0.10083333333333333 0.16178010471204188
0 0.92125 0.8452879581151832 0.1575 0.18586387434554974
0 0.90875 0.8397905759162304 0.1825 0.16753926701570682
0 0.89625 0.837696335078534 0.2075 0.1581151832460733
0 0.8904166666666666 0.8570680628272251 0.10416666666666667 0.2743455497382199
0 0.85 0.8552356020942409 0.09 0.2706806282722513
0 0.809798581566209 0.8426894622493534 0.300766026395612 0.18113502315861668
0 0.7770833333333333 0.8526178010471204 0.09416666666666666 0.26544502617801047
0 0.74625 0.8526178010471204 0.09916666666666667 0.26544502617801047
0 0.7054166666666667 0.8526178010471204 0.11083333333333334 0.26544502617801047
0 0.6716310152409088 0.8374210868056897 0.2804344923795456 0.16842945811684246
0 0.6904166666666667 0.9201570680628273 0.38083333333333336 0.15968586387434555