0 0.4116564417177914 0.24751984126984128 0.09570552147239264 0.2837301587301587
0 0.35429447852760737 0.22420634920634921 0.21042944785276074 0.19246031746031747
0 0.060429447852760734 0.15550595238095238 0.12085889570552147 0.2693452380952381
0 0.043558282208588955 0.14360119047619047 0.08711656441717791 0.283234126984127
0 0.36901840490797544 0.5049603174603174 0.18098159509202455 0.16964285714285715
0 0.349079754601227 0.5004960317460317 0.22085889570552147 0.17857142857142858
0 0.34140393081334863 0.5019791542946795 0.20901602512752446 0.16201415223555873
0 0.3262421427525172 0.49506193993174824 0.23112554528792276 0.17966964440200664
0 0.3098159509202454 0.47966269841269843 0.1116564417177914 0.22023809523809523
0 0.29435211755664276 0.4859224962605203 0.21749173503217445 0.16907115414233764
0 0.27692105317087895 0.48493168805096964 0.20645484101561637 0.16049142393212956
0 0.2597431390604495 0.48468925659363327 0.23437169058691038 0.18219309446383267
0 0.24261579775658434 0.4794821785428128 0.2323882712802356 0.18018299268070515
0 0.22975460122699387 0.46899801587301587 0.1245398773006135 0.24156746031746032
0 0.21134969325153374 0.46850198412698413 0.11595092024539877 0.2425595238095238
0 0.19590949047777734 0.467154416870225 0.22401975775743194 0.17461408601202122
0 0.1800836326778663 0.4651931908344445 0.21749173503217445 0.1690711541423379
0 0.15920245398773006 0.4600694444444444 0.14539877300613496 0.2594246031746032
0 0.11319018404907975 0.45089285714285715 0.2263803680981595 0.21031746031746032
0 0.0705521472392638 0.42956349206349204 0.1411042944785276 0.21726190476190477
0 0.9309815950920245 0.14831349206349206 0.13803680981595093 0.24702380952380953
0 0.9493865030674846 0.16220238095238096 0.10122699386503067 0.3244047619047619
0 0.9343558282208589 0.15922619047619047 0.1312883435582822 0.31845238095238093
0 0.6843558282208589 0.10119047619047619 0.34171779141104297 0.20238095238095238
0 0.6576687116564417 0.09697420634920635 0.3226993865030675 0.1939484126984127
0 0.6279141104294479 0.09722222222222222 0.33680981595092024 0.19444444444444445
0 0.605521472392638 0.08903769841269842 0.2920245398773006 0.17807539682539683
0 0.5941717791411043 0.08705357142857142 0.26932515337423313 0.17410714285714285
0 0.5708588957055215 0.07762896825396826 0.22269938650306748 0.1552579365079365
0 0.5616564417177914 0.07961309523809523 0.20429447852760735 0.15922619047619047
0 0.5085889570552147 0.1056547619047619 0.09815950920245399 0.2113095238095238
0 0.5312883435582823 0.07366071428571429 0.14355828220858896 0.14732142857142858
0 0.22975460122699387 0.7693452380952381 0.45950920245398774 0.35912698412698413
0 0.18619631901840492 0.7403273809523809 0.37239263803680983 0.3010912698412698
0 0.057975460122699385 0.7477678571428571 0.11595092024539877 0.3159722222222222
0 0.03128834355828221 0.701140873015873 0.06257668711656442 0.22271825396825398
0 0.9720858895705522 0.892609126984127 0.0558282208588957 0.15228174603174602
0 0.9291411042944785 0.878968253968254 0.14171779141104293 0.13392857142857142
0 0.8512269938650306 0.9789186507936508 0.15276073619631902 0.042162698412698416
0 0.8792610979820683 0.6869360058464173 0.14145989829627276 0.16006967944681655
0 0.7723926380368098 0.9781746031746031 0.18527607361963191 0.04365079365079365
0 0.6871165644171779 0.972718253968254 0.18527607361963191 0.054563492063492064
0 0.798112657548556 0.6795840595986727 0.19015265026611364 0.1468821101309364
0 0.5736196319018405 0.6473214285714286 0.20736196319018405 0.11507936507936507
0 0.5512269938650307 0.7966269841269841 0.18343558282208589 0.16071428571428573
0 0.5119631901840491 0.9437003968253969 0.1049079754601227 0.11259920634920635
0 0.496319018404908 0.6346726190476191 0.0736196319018405 0.08978174603174603