0 0.1075540790902193 0.3161637847222734 0.057562043871458635 0.035776721837098506
0 0.21921310826824333 0.2760292514077572 0.1551367279950287 0.09642262836583883
0 0.32753883732452194 0.28171819986021107 0.1516268472711592 0.09424112093674739
0 0.43662973598032256 0.28184376177638387 0.15581885623513783 0.09643011338510472
0 0.504774897680764 0.28387650085763294 0.06957708049113233 0.08319039451114923
0 0.502387448840382 0.08168953687821612 0.07435197817189632 0.08447684391080618
0 0.43533425064346265 0.084459856650601 0.14671301425774202 0.0911870105360195
0 0.3209785309018579 0.08106203359079123 0.14390510967864645 0.08944180459274641
0 0.21308945574820373 0.08480704740248826 0.12354780148020378 0.07678906150401643
0 0.10195947185358348 0.07008675558500489 0.14252100529376346 0.08899801808766215
0 0.7124829467939973 0.1271440823327616 0.045702592087312414 0.2542881646655232
0 0.745225102319236 0.1301457975986278 0.06343792633015007 0.2602915951972556
0 0.7837653478854024 0.1280017152658662 0.05593451568894952 0.2560034305317324
0 0.8134379263301501 0.13250428816466553 0.04160982264665757 0.26500857632933106
0 0.845156889495225 0.12993138936535162 0.061391541609822645 0.25986277873070324
0 0.8830150068212824 0.1305746140651801 0.056616643929058665 0.2611492281303602
0 0.9201909959072305 0.13078902229845626 0.058663028649386086 0.26157804459691253
0 0.9508867667121419 0.1301457975986278 0.03819918144611187 0.2602915951972556
0 0.9757844474761255 0.13164665523156088 0.048431105047748974 0.26329331046312177
0 0.3221926966722024 0.7666410619031818 0.07212925803344966 0.23266336013873912
0 0.3906870410891769 0.7661068569397538 0.24707575505574278 0.15314930654148057
0 0.43963165075034105 0.7660806174957119 0.19986357435197818 0.15737564322469982
0 0.4716916780354707 0.7705831903945112 0.13574351978171897 0.15523156089193826
0 0.5061391541609823 0.7727272727272727 0.06684856753069578 0.15180102915951973
0 0.4829467939972715 0.5047169811320755 0.11323328785811733 0.16037735849056603
0 0.49307812405869444 0.503642213246761 0.05742015532101966 0.23893093671317275
0 0.43606087229558693 0.5017307647383964 0.07782445881029959 0.23786903789149463
0 0.3784011881016998 0.5006694641438705 0.06442006886409375 0.24286513510480315
0 0.3208308194788041 0.5015378376488301 0.0834402679684908 0.24135944977804077
0 0.5832196452933152 0.8033876500857633 0.08731241473396999 0.2225557461406518
0 0.6497271487039563 0.8061749571183533 0.2203274215552524 0.18610634648370497
0 0.5450204638472033 0.5147941680960549 0.010914051841746248 0.27401372212692965
0 0.5566166439290586 0.5160806174957119 0.034106412005457026 0.2645797598627787
0 0.5777373163711694 0.518090832125666 0.03965037421050159 0.26745205943273104
0 0.601171501131611 0.5162049829575801 0.04563074513416592 0.2640888928737061
0 0.6242050780580038 0.5130289418802041 0.04628572598810255 0.2782398362699326
0 0.6498543547284232 0.5148104877356108 0.04532572708268692 0.27222892071893423
0 0.669003565213141 0.5160921094414384 0.04000763649446712 0.27517075583067274
0 0.6938417022631304 0.5150788632449889 0.04341827769501282 0.27520818092700244
0 0.7188981662644318 0.518782598180615 0.03858383630025456 0.2738693363924838
0 0.7413488544740394 0.5177431544167347 0.04233919136160878 0.2666243665766902
0 0.769206948842858 0.5156915496406014 0.06157041793581013 0.28440793722551594
0 0.8673639477522477 0.5152685347819664 0.1313334290504329 0.27445848254610206
0 0.9600954979536153 0.5195111492281304 0.07980900409276943 0.266295025728988