0 0.12683438155136267 0.5547001620745543 0.25366876310272535 0.13047001620745544
0 0.16614255765199162 0.4662925788616264 0.3165618448637317 0.15911915669061646
0 0.18867924528301888 0.3397753848609576 0.20964360587002095 0.17246076365892477
0 0.25681341719077566 0.21997424164005952 0.25052410901467503 0.20690098534388995
0 0.6918238993710691 0.21353322528363047 0.24737945492662475 0.08508914100486224
0 0.6886792452830188 0.2260940032414911 0.1640461215932914 0.146677471636953
0 0.6871069182389937 0.23905996758508913 0.24737945492662475 0.0887358184764992
0 0.6860587002096437 0.2516207455429498 0.25157232704402516 0.08549432739059967
0 0.6818658280922432 0.2633711507293355 0.159853249475891 0.14384116693679092
0 0.6781970649895178 0.276742301458671 0.24842767295597484 0.09035656401944894
0 0.6546121593291404 0.34562398703403563 0.1650943396226415 0.14748784440842788
0 0.6519916142557652 0.3581847649918963 0.25052410901467503 0.09319286871961102
0 0.6467505241090147 0.3695299837925446 0.1629979035639413 0.1458670988654781
0 0.6441299790356394 0.3820907617504052 0.1650943396226415 0.14748784440842788
0 0.640461215932914 0.39546191247974066 0.24109014675052412 0.06969205834683954
0 0.6373165618448637 0.4072123176661264 0.24633123689727462 0.0713128038897893
0 0.18972746331236898 0.789621822172685 0.25471698113207547 0.08069055718108796
0 0.18658280922431866 0.8016216206043489 0.16876310272536688 0.13883091474543444
0 0.1850104821802935 0.8136993156062424 0.25471698113207547 0.08393204826698729
0 0.18396226415094338 0.8258029761315459 0.2589098532494759 0.08089828136836683
0 0.17976939203354297 0.8369404707449151 0.16457023060796647 0.13619207224373076
0 0.17557651991614256 0.8492935245154967 0.2557651991614256 0.08560472485675681
0 0.15146750524109015 0.9145496776995827 0.16981132075471697 0.1396932185637291
0 0.1488469601677149 0.9265754416546566 0.2578616352201258 0.08813970526482097
0 0.14360587002096437 0.9339546191247974 0.16771488469601678 0.13209076175040518
0 0.14046121593291405 0.9396272285251216 0.16981132075471697 0.12074554294975688
0 0.13679245283018868 0.9616346365611241 0.24842767295597484 0.06579226101362176
0 0.1331236897274633 0.9692058346839546 0.25366876310272535 0.06158833063209076
0 0.5917190775681341 0.6393841166936791 0.1792452830188679 0.03889789303079417
0 0.5854297693920335 0.6564019448946515 0.21278825995807127 0.07293354943273905
0 0.8679245283018868 0.6393841166936791 0.2620545073375262 0.03889789303079417
0 0.8527253668763103 0.6608589951377634 0.25681341719077566 0.08184764991896272
0 0.6305031446540881 0.8026742301458671 0.3029350104821803 0.12074554294975688
0 0.6257861635220126 0.8440032414910859 0.29350104821802936 0.11426256077795786
0 0.6189727463312369 0.8845218800648298 0.279874213836478 0.12074554294975688
0 0.610587002096436 0.9258508914100486 0.2631027253668763 0.11102106969205834
0 0.6058700209643606 0.953808752025932 0.25366876310272535 0.09238249594813615
0 0.5953878406708596 0.9793354943273906 0.23270440251572327 0.041329011345218804
0 0.910377358490566 0.81645056726094 0.1792452830188679 0.13209076175040518
0 0.9040880503144654 0.8691247974068071 0.1918238993710692 0.1239870340356564
0 0.8967505241090147 0.913290113452188 0.20649895178197064 0.11993517017828201
0 0.890461215932914 0.9489465153970826 0.2190775681341719 0.10210696920583469