0 0.5099601593625498 0.25468622656886714 0.03950863213811421 0.04299103504482477
0 0.43227091633466136 0.1786878565607172 0.11620185922974767 0.04930725346373268
0 0.4027224435590969 0.1790953545232274 0.09229747675962816 0.039527302363488184
0 0.3652058432934927 0.18031784841075796 0.11786188579017265 0.05012224938875306
0 0.30710491367861886 0.1821515892420538 0.07669322709163347 0.06825590872045639
0 0.4033864541832669 0.1100244498777506 0.13379814077025232 0.05684596577017115
0 0.18857901726427623 0.1819478402607987 0.0451527224435591 0.06845965770171149
0 0.15405046480743692 0.17991035044824777 0.06673306772908366 0.07355338223308884
0 0.11122177954847277 0.18255908720456399 0.0451527224435591 0.07049714751426243
0 0.08864541832669323 0.18276283618581907 0.09628154050464807 0.04054604726976365
0 0.06407702523240372 0.18092909535452323 0.11122177954847277 0.04706601466992665
0 0.16799468791500663 0.1102281988590057 0.05644090305444887 0.07375713121434394
0 0.10657370517928287 0.11063569682151589 0.1344621513944223 0.05725346373268134
0 0.13678618857901725 0.25855745721271395 0.15205843293492696 0.06458842705786472
0 0.3618857901726428 0.2601874490627547 0.08300132802124834 0.06601466992665037
0 0.951859229747676 0.1458842705786471 0.09628154050464807 0.11083944580277098
0 0.9352589641434262 0.024246128769356154 0.1294820717131474 0.04849225753871231
0 0.8130810092961488 0.015688671556642216 0.19189907038512616 0.03137734311328443
0 0.643046564789107 0.14931558116574412 0.19568700141740353 0.12078621176301631
0 0.5823373173970784 0.14058679706601468 0.1049136786188579 0.1263243683781581
0 0.40139442231075695 0.9574164629176855 0.04946879150066401 0.05908720456397718
0 0.3090969455511288 0.8958842705786471 0.06606905710491368 0.19376528117359412
0 0.22277556440903054 0.9028117359413202 0.07835325365205843 0.1941727791361043
0 0.1351261620185923 0.9017929910350448 0.11719787516600266 0.14058679706601468
0 0.04614873837981408 0.9032192339038305 0.07901726427622842 0.19335778321108393
0 0.04747675962815405 0.5984107579462102 0.09296148738379814 0.1395680521597392
0 0.12284196547144755 0.6030969845150774 0.11819389110225764 0.14119804400977995
0 0.21447543160690571 0.5990220048899756 0.10557768924302789 0.1267318663406683
0 0.301460823373174 0.6061532192339039 0.09827357237715803 0.11756316218418908
0 0.3891102257636122 0.5849633251833741 0.06872509960159362 0.1982477587612062
0 0.952523240371846 0.8508557457212714 0.0949535192563081 0.1458842705786471
0 0.9098993601186951 0.6677062897971724 0.13971353356024943 0.1696904234399225
0 0.8478637623041849 0.8475689380722204 0.19167975906755935 0.11831277397947307
0 0.7956876012110552 0.6666869739061038 0.1589389368547464 0.16656794811416992
0 0.6772908366533864 0.9820700896495518 0.1952191235059761 0.035859820700896494
0 0.6854657006996414 0.6663073549672821 0.20102999121719634 0.12408412880774013
0 0.5982735723771581 0.6599429502852485 0.13678618857901725 0.12265688671556642
0 0.599601593625498 0.9763651181744091 0.1394422310756972 0.04726976365118175