0 0.06545064377682404 0.06273764258555133 0.13054363376251787 0.08032319391634982
0 0.06545064377682404 0.07509505703422054 0.13054363376251787 0.07319391634980989
0 0.09155937052932761 0.08769011406844106 0.18276108726752505 0.04158745247148289
0 0.0890557939914163 0.1002851711026616 0.1781115879828326 0.036834600760456276
0 0.08798283261802575 0.11050380228136882 0.1759656652360515 0.03184410646387833
0 0.07188841201716738 0.12309885931558935 0.14377682403433475 0.07937262357414449
0 0.3050786838340486 0.17229087452471484 0.1484263233190272 0.0817490494296578
0 0.30972818311874106 0.19106463878326996 0.11838340486409156 0.06535171102661597
0 0.3133047210300429 0.21554182509505704 0.14628040057224606 0.08079847908745247
0 0.3197424892703863 0.25285171102661597 0.1938483547925608 0.0563212927756654
0 0.4853361945636624 0.17157794676806085 0.1605865522174535 0.0879277566539924
0 0.3426323319027182 0.3281844106463878 0.12875536480686695 0.07057984790874525
0 0.3551502145922747 0.35004752851711024 0.14628040057224606 0.08079847908745247
0 0.35586552217453504 0.37785171102661597 0.14163090128755365 0.07818441064638783
0 0.3601573676680973 0.39234790874524716 0.1223175965665236 0.0679657794676806
0 0.3694563662374821 0.4075570342205323 0.13698140200286124 0.0762832699619772
0 0.5128755364806867 0.3224809885931559 0.1530758226037196 0.04919201520912547
0 0.5257510729613734 0.36145437262357416 0.12732474964234622 0.08032319391634982
0 0.13912732474964234 0.3835551330798479 0.20064377682403434 0.11074144486692016
0 0.09656652360515021 0.24049429657794677 0.19313304721030042 0.06962927756653993
0 0.16452074391988555 0.49429657794676807 0.1555793991416309 0.05061787072243346
0 0.6133762517882689 0.18346007604562736 0.04542203147353362 0.05679657794676806
0 0.6677396280400573 0.2666349809885932 0.10586552217453506 0.1326045627376426
0 0.6741773962804005 0.35503802281368824 0.13912732474964234 0.09885931558935361
0 0.6866952789699571 0.44320342205323193 0.13948497854077252 0.09149239543726236
0 0.6949213161659513 0.504277566539924 0.1323319027181688 0.03065589353612167
0 0.9023605150214592 0.46577946768060835 0.08869814020028613 0.08460076045627377
0 0.8912732474964234 0.4075570342205323 0.10586552217453506 0.1326045627376426
0 0.8816165951359084 0.3148764258555133 0.0944206008583691 0.11810836501901141
0 0.8651645207439199 0.22837452471482889 0.08476394849785408 0.10622623574144487
0 0.8683834048640916 0.13616920152091255 0.13948497854077252 0.08269961977186312
0 0.0736766809728183 0.5484790874524715 0.1473533619456366 0.057034220532319393
0 0.07439198855507868 0.5560836501901141 0.14878397711015737 0.06939163498098859
0 0.03934191702432046 0.5993346007604563 0.07868383404864092 0.15874524714828897
0 0.03612303290414878 0.6031368821292775 0.07224606580829757 0.16634980988593157
0 0.03719599427753934 0.6114543726235742 0.07439198855507868 0.1782319391634981
0 0.08190271816881259 0.6247623574144486 0.16380543633762518 0.07842205323193917
0 0.2217453505007153 0.6642110266159695 0.4434907010014306 0.2884980988593156
0 0.36373390557939916 0.6374953105533695 0.2932761087267525 0.19552533755821846
0 0.3930615164520744 0.6796823205237834 0.2925608011444921 0.19552257242998133
0 0.38590844062947066 0.7248620630609077 0.3540772532188841 0.23615961300210223
0 0.06294706723891273 0.8669201520912547 0.12589413447782546 0.18916349809885932
0 0.07689556509298999 0.8885456273764258 0.15379113018597998 0.20579847908745247
0 0.12017167381974249 0.9156368821292775 0.24034334763948498 0.10598859315589354
0 0.06938483547925609 0.9203897338403042 0.13876967095851217 0.15922053231939162
0 0.08762517882689556 0.9237167300380228 0.17525035765379113 0.1525665399239544
0 0.12696709585121602 0.970532319391635 0.25393419170243203 0.058935361216730035
0 0.09120171673819742 0.9505703422053232 0.18240343347639484 0.09885931558935361
0 0.41094420600858367 0.8231939163498099 0.3569384835479256 0.057034220532319393
0 0.4123748211731044 0.8533745247148289 0.3540772532188841 0.07747148288973384
0 0.6294706723891274 0.9211026615969582 0.08011444921316166 0.15779467680608364
0 0.6344778254649499 0.9455798479087453 0.09012875536480687 0.1088403041825095
0 0.9324034334763949 0.9617395437262357 0.1351931330472103 0.07652091254752852
0 0.9263233190271817 0.940351711026616 0.1473533619456366 0.11929657794676807
0 0.927038626609442 0.9241920152091255 0.1459227467811159 0.15161596958174905
0 0.9138054363376252 0.8944866920152091 0.17238912732474965 0.19106463878326996