0 0.4785522788203753 0.4818618881118881 0.06166219839142091 0.19558566433566432
0 0.44470509383378015 0.4772727272727273 0.12935656836461126 0.1457604895104895
0 0.5006702412868632 0.21372377622377622 0.01742627345844504 0.12871503496503497
0 0.4054959785522788 0.5026223776223776 0.13605898123324398 0.11822552447552448
0 0.3615951742627346 0.4971590909090909 0.13203753351206435 0.11516608391608392
0 0.32238605898123324 0.4919143356643357 0.08880697050938338 0.13942307692307693
0 0.2801608579088472 0.48579545454545453 0.12902144772117963 0.11188811188811189
0 0.2322386058981233 0.479458041958042 0.09953083109919571 0.14204545454545456
0 0.39912868632707776 0.3433129370629371 0.11628686327077747 0.16236888111888112
0 0.35087131367292224 0.3361013986013986 0.09986595174262734 0.15865384615384615
0 0.3093163538873995 0.3312937062937063 0.13572386058981234 0.11778846153846154
0 0.4624664879356568 0.20148601398601398 0.0938337801608579 0.1354895104895105
0 0.4168900804289544 0.19383741258741258 0.12097855227882037 0.1048951048951049
0 0.3790214477211796 0.1890297202797203 0.11963806970509383 0.10402097902097902
0 0.3347855227882037 0.18247377622377622 0.1306970509383378 0.1131993006993007
0 0.28853887399463807 0.17810314685314685 0.08981233243967829 0.13374125874125875
0 0.11159517426273459 0.4206730769230769 0.18398123324396784 0.1645541958041958
0 0.07439678284182305 0.4145541958041958 0.11394101876675604 0.22115384615384615
0 0.07540214477211796 0.41149475524475526 0.11293565683646113 0.15428321678321677
0 0.05529490616621984 0.4097465034965035 0.07238605898123325 0.13833041958041958
0 0.03853887399463807 0.40646853146853146 0.039544235924932974 0.13789335664335664
0 0.2262064343163539 0.21022727272727273 0.18967828418230562 0.16433566433566432
0 0.17962466487935658 0.20323426573426573 0.18900804289544235 0.16433566433566432
0 0.13840482573726542 0.19755244755244755 0.1799597855227882 0.15581293706293706
0 0.09953083109919571 0.19252622377622378 0.11896782841823056 0.21241258741258742
0 0.07741286863270777 0.1868444055944056 0.0918230563002681 0.13090034965034966
0 0.967828418230563 0.24125874125874125 0.064343163538874 0.29829545454545453
0 0.9343163538873994 0.22552447552447552 0.13136729222520108 0.3041958041958042
0 0.8552278820375335 0.2069493006993007 0.2530160857908847 0.288243006993007
0 0.7449731903485255 0.19077797202797203 0.16621983914209115 0.31184440559440557
0 0.657171581769437 0.17351398601398602 0.2195040214477212 0.25021853146853146
0 0.5871313672922251 0.16368006993006992 0.1457774798927614 0.30791083916083917
0 0.8847184986595175 0.48951048951048953 0.13103217158176944 0.15034965034965034
0 0.8632707774798928 0.493006993006993 0.12265415549597855 0.13986013986013987
0 0.846514745308311 0.48513986013986016 0.08445040214477212 0.23798076923076922
0 0.8300938337801609 0.4831730769230769 0.07640750670241286 0.08697552447552448
0 0.811662198391421 0.479458041958042 0.04859249329758713 0.12062937062937062
0 0.7945710455764075 0.4755244755244755 0.09115281501340483 0.20541958041958042
0 0.7774798927613941 0.4722465034965035 0.036193029490616625 0.0784527972027972
0 0.7630697050938338 0.4700611888111888 0.13471849865951743 0.15362762237762237
0 0.7469839142091153 0.46896853146853146 0.10053619302949061 0.26092657342657344
0 0.7292225201072386 0.4652534965034965 0.10589812332439678 0.11975524475524475
0 0.7101206434316354 0.4624125874125874 0.1581769436997319 0.18116258741258742
0 0.4014745308310992 0.8656031468531469 0.18230563002680966 0.2687937062937063
0 0.353887399463807 0.8662587412587412 0.3109919571045576 0.23339160839160839
0 0.33399353321507225 0.8656441582441177 0.33249122306409706 0.22407879415909654
0 0.30386389229586835 0.8676866922563007 0.3219381319268558 0.21655063014104942
0 0.27479892761394104 0.8516171328671329 0.21045576407506703 0.29676573426573427
0 0.23783593530672498 0.8569428288970139 0.319163515810473 0.21509673278985003
0 0.20207774798927614 0.8498688811188811 0.1923592493297587 0.30026223776223776
0 0.17213575670883594 0.8507881263768879 0.308641641662875 0.20800563170886582
0 0.15046916890080428 0.8492132867132867 0.30093833780160856 0.21416083916083917
0 0.1363941018766756 0.8472465034965035 0.2727882037533512 0.22333916083916083
0 0.11226541554959786 0.8452797202797203 0.22453083109919572 0.20104895104895104
0 0.19101876675603216 0.7878059440559441 0.3820375335120643 0.17613636363636365
0 0.9359919571045576 0.884833916083916 0.12801608579088472 0.1437937062937063
0 0.925603217158177 0.8590472027972028 0.1487935656836461 0.22945804195804195
0 0.864163680700146 0.8797687367106716 0.20272144191038838 0.13662188082695967
0 0.9018096514745308 0.725743006993007 0.1601876675603217 0.05201048951048951
0 0.6821022426476813 0.8363742392367656 0.25603227092488484 0.1725501263039456
0 0.6124054150565453 0.8449101921522367 0.1674851505562256 0.1948316151764875
0 0.5914879356568364 0.8203671328671329 0.16420911528150134 0.16695804195804195
0 0.539544235924933 0.8205856643356644 0.06032171581769437 0.208479020979021