0 0.003840782122905028 0.07932692307692307 0.007681564245810056 0.09134615384615384
0 0.008379888268156424 0.08304195804195805 0.01675977653631285 0.15384615384615385
0 0.0467877094972067 0.07561188811188811 0.0935754189944134 0.10227272727272728
0 0.031773743016759774 0.2875874125874126 0.06354748603351955 0.06468531468531469
0 0.05935754189944134 0.28190559440559443 0.11871508379888268 0.07604895104895106
0 0.06668994413407821 0.046984265734265736 0.13337988826815642 0.08697552447552448
0 0.10789106145251397 0.04785839160839161 0.07332402234636871 0.09571678321678322
0 0.1473463687150838 0.0388986013986014 0.1340782122905028 0.0777972027972028
0 0.18889664804469275 0.04283216783216783 0.07751396648044692 0.08566433566433566
0 0.236731843575419 0.04020979020979021 0.0893854748603352 0.08041958041958042
0 0.13101993353720315 0.15800180216028467 0.1365921965320812 0.08645227992811393
0 0.1784006651677321 0.15225710678136284 0.1380376166012038 0.08736711886915206
0 0.21950867360325121 0.14647708873501528 0.0849827315666517 0.11112895960922015
0 0.1183659217877095 0.270979020979021 0.09287709497206705 0.0979020979020979
0 0.17064702577511293 0.2724799492738548 0.1286180001396923 0.08098360281534059
0 0.20858819009785848 0.26722859856512304 0.12791967611734592 0.08096324628188445
0 0.252115946599375 0.2618143955887417 0.1322559363247135 0.08370776310499908
0 0.2971135091822289 0.2550482907342592 0.07956684147338507 0.11402554790101121
0 0.34951117318435754 0.04895104895104895 0.1403631284916201 0.0979020979020979
0 0.3708100558659218 0.045236013986013984 0.09776536312849161 0.09047202797202797
0 0.3865223463687151 0.04348776223776224 0.06634078212290503 0.08697552447552448
0 0.3427750417525498 0.21139108076487093 0.10430303938552984 0.15750912480377688
0 0.35893854748603354 0.20585664335664336 0.12150837988826815 0.1145104895104895
0 0.3812849162011173 0.1993006993006993 0.07681564245810056 0.10839160839160839
0 0.4029329608938548 0.19602272727272727 0.0335195530726257 0.10183566433566434
0 0.5153631284916201 0.197770979020979 0.12849162011173185 0.24431818181818182
0 0.5677374301675978 0.21831293706293706 0.29608938547486036 0.20323426573426573
0 0.5889176314575943 0.21345064105597844 0.3194378352760842 0.2021794059694515
0 0.6180854086425235 0.20300063856889028 0.3028155044811749 0.19165875814751163
0 0.6511871508379888 0.1868444055944056 0.1627094972067039 0.26617132867132864
0 0.6894241959768201 0.19895748893957632 0.3266649356216969 0.2067536006746426
0 0.7275803992435569 0.1960998061179625 0.31437886503415524 0.1989774696758176
0 0.7582988983866326 0.18909541579373737 0.2977565342392458 0.1884568218538779
0 0.7877094972067039 0.17810314685314685 0.15921787709497207 0.28365384615384615
0 0.8252005587904805 0.1771090975629524 0.3230269994366755 0.2040294403849841
0 0.8537011173184358 0.17001748251748253 0.2925977653631285 0.1888111888111888
0 0.8159916201117319 0.23339160839160839 0.3680167597765363 0.17307692307692307
0 0.06075418994413408 0.7663898601398601 0.12150837988826815 0.19842657342657344
0 0.05691340782122905 0.7661713286713286 0.06773743016759777 0.3210227272727273
0 0.07437150837988826 0.7628933566433567 0.14874301675977653 0.19842657342657344
0 0.0848463687150838 0.7602709790209791 0.0782122905027933 0.32036713286713286
0 0.09776536312849161 0.7572115384615384 0.1564245810055866 0.19842657342657344
0 0.11243016759776536 0.7524038461538461 0.16550279329608938 0.21000874125874125
0 0.12569832402234637 0.7486888111888111 0.1672486033519553 0.211756993006993
0 0.1389664804469274 0.7454108391608392 0.06668994413407821 0.3151223776223776
0 0.15293296089385475 0.7416958041958042 0.1700418994413408 0.2159090909090909
0 0.16689944134078213 0.7351398601398601 0.0712290502793296 0.3201486013986014
0 0.1805167597765363 0.7314248251748252 0.0694832402234637 0.3210227272727273
0 0.19343575418994413 0.7281468531468531 0.1700418994413408 0.2159090909090909
0 0.20844972067039105 0.7237762237762237 0.17493016759776536 0.22202797202797203
0 0.2276536312849162 0.7189685314685315 0.09567039106145252 0.3284527972027972
0 0.3121508379888268 0.5509178321678322 0.07437150837988826 0.33282342657342656
0 0.3261173184357542 0.5480769230769231 0.17074022346368714 0.2159090909090909
0 0.3334497206703911 0.5463286713286714 0.164804469273743 0.2196241258741259
0 0.34182960893854747 0.5423951048951049 0.14804469273743018 0.20935314685314685
0 0.3683659217877095 0.5360576923076923 0.07995810055865922 0.3321678321678322
0 0.3547486033519553 0.5426136363636364 0.12220670391061453 0.21088286713286714
0 0.36312849162011174 0.5380244755244755 0.1050977653631285 0.19602272727272727
0 0.36906424581005587 0.5373688811188811 0.0935754189944134 0.19820804195804195
0 0.5789106145251397 0.6088286713286714 0.16759776536312848 0.14029720279720279
0 0.5953212290502793 0.6064248251748252 0.06983240223463687 0.21918706293706294
0 0.611731843575419 0.6048951048951049 0.16759776536312848 0.13942307692307693
0 0.6277932960893855 0.6046765734265734 0.08449720670391062 0.22596153846153846
0 0.6438547486033519 0.6013986013986014 0.16759776536312848 0.13942307692307693
0 0.6606145251396648 0.5981206293706294 0.17772346368715083 0.14881993006993008
0 0.7520949720670391 0.5793269230769231 0.17667597765363127 0.14772727272727273
0 0.7685055865921788 0.5773601398601399 0.07332402234636871 0.2229020979020979
0 0.7838687150837989 0.5729895104895105 0.18331005586592178 0.1534090909090909
0 0.8002793296089385 0.5705856643356644 0.07332402234636871 0.21831293706293706
0 0.8170391061452514 0.5677447552447552 0.07087988826815643 0.21831293706293706
0 0.8331005586592178 0.5653409090909091 0.17981843575418993 0.15056818181818182