0 0.1714380825565912 0.37468566638725903 0.15279627163781626 0.13222967309304276
0 0.18641810918774968 0.3761525565800503 0.0525965379494008 0.20850796311818945
0 0.20173102529960052 0.37657166806370496 0.04061251664447404 0.20955574182732606
0 0.2170439414114514 0.37573344509639567 0.15412782956058588 0.13306789606035205
0 0.23135818908122505 0.3778290025146689 0.14347536617842876 0.1230092204526404
0 0.24733688415446073 0.3797150041911148 0.15412782956058588 0.13306789606035205
0 0.33355525965379496 0.39186923721709976 0.1478029294274301 0.12761944677284157
0 0.3485352862849534 0.3929170159262364 0.14980026631158455 0.12845766974015088
0 0.36351531291611183 0.39585079631181896 0.14880159786950733 0.12761944677284157
0 0.37916111850865514 0.3971081307627829 0.1478029294274301 0.12761944677284157
0 0.3948069241011984 0.3989941324392288 0.14547270306258323 0.12573344509639564
0 0.40945406125166445 0.39983235540653816 0.15412782956058588 0.13306789606035205
0 0.5972037283621837 0.4189019279128248 0.1744340878828229 0.13453478625314333
0 0.5825565912117177 0.058466051969823976 0.14513981358189082 0.11693210393964795
0 0.6691078561917443 0.05993294216261526 0.21304926764314247 0.11986588432523052
0 0.6901660716345351 0.41726406053693627 0.21115780796172817 0.13628995139098218
0 0.9440745672436751 0.4478206202849958 0.1118508655126498 0.15884325230511315
0 0.929427430093209 0.2640402347024308 0.1411451398135819 0.14585079631181894
0 0.9330892143808256 0.09094719195305952 0.13382157123834887 0.1399832355406538
0 0.041278295605858856 0.7139564124057 0.08255659121171771 0.19321039396479464
0 0.3858189081225033 0.7466471081307627 0.24833555259653795 0.17476948868398995
0 0.40279627163781623 0.7550293378038558 0.21438082556591212 0.19823973176865045
0 0.46937416777629826 0.7571248952221291 0.08122503328894808 0.19572506286672256
0 0.520306258322237 0.9168063704945516 0.020639147802929428 0.1663872590108969
0 0.5392809587217043 0.9109388097233864 0.05858854860186418 0.17812238055322716
0 0.622503328894807 0.915758591785415 0.15046604527296936 0.16848281642917015
0 0.7509986684420772 0.9230930427493713 0.17310252996005326 0.15381391450125734
0 0.8874833555259654 0.9214165968147527 0.17310252996005326 0.15716680637049454