0 0.07192307692307692 0.40230991337824834 0.14384615384615385 0.16770933589990375
0 0.08538461538461538 0.4030317613089509 0.145 0.1686717998075072
0 0.09923076923076923 0.40279114533205007 0.13653846153846153 0.15904716073147257
0 0.11269230769230769 0.4013474494706448 0.14115384615384616 0.16434071222329164
0 0.12576923076923077 0.4032723772858518 0.14692307692307693 0.16987487969201154
0 0.14038461538461539 0.40543792107795956 0.13846153846153847 0.16121270452358036
0 0.21576923076923077 0.41698748796920115 0.06076923076923077 0.253609239653513
0 0.22923076923076924 0.4177093358999038 0.14038461538461539 0.16241578440808468
0 0.24192307692307694 0.4210779595765159 0.1476923076923077 0.1710779595765159
0 0.2561538461538462 0.42179980750721846 0.14692307692307693 0.17204042348411935
0 0.2696153846153846 0.4230028873917228 0.05076923076923077 0.25096246390760346
0 0.2826923076923077 0.4237247353224254 0.15153846153846154 0.17637151106833493
0 0.46692307692307694 0.4735322425409047 0.05384615384615385 0.13065447545717035
0 0.49038461538461536 0.4752165543792108 0.10076923076923076 0.1530317613089509
0 0.5257692307692308 0.48604427333974976 0.1576923076923077 0.15904716073147257
0 0.59 0.48965351299326276 0.15884615384615386 0.15904716073147257
0 0.6665384615384615 0.5009624639076035 0.1723076923076923 0.17252165543792108
0 0.7584615384615384 0.5043310875842156 0.17653846153846153 0.1758902791145332
0 0.88 0.5182868142444659 0.1426923076923077 0.2038017324350337
0 0.8973076923076924 0.25553416746871993 0.19423076923076923 0.19465832531280078
0 0.916923076923077 0.2598652550529355 0.155 0.20548604427333975
0 0.795 0.24542829643888353 0.19923076923076924 0.19995187680461982
0 0.7419230769230769 0.24951876804619827 0.09038461538461538 0.2507218479307026
0 0.7019230769230769 0.2358036573628489 0.2076923076923077 0.20909528392685275
0 0.6603846153846153 0.2377285851780558 0.08384615384615385 0.2692492781520693
0 0.6176923076923077 0.23051010587102982 0.0973076923076923 0.28007699711260825
0 0.5765384615384616 0.23123195380173245 0.08730769230769231 0.2764677574590953
0 0.5319230769230769 0.22401347449470646 0.09230769230769231 0.27165543792107794
0 0.4869230769230769 0.22064485081809432 0.09384615384615384 0.2880173243503369
0 0.021153846153846155 0.9035129932627527 0.04230769230769231 0.0534167468719923
0 0.039615384615384615 0.9042348411934552 0.07923076923076923 0.06256015399422522
0 0.0673076923076923 0.9085659287776708 0.12384615384615384 0.06496631376323388
0 0.11807692307692308 0.9100096246390761 0.12461538461538461 0.06496631376323388
0 0.17807692307692308 0.9145813282001924 0.13538461538461538 0.07050048123195381
0 0.25 0.9160250240615977 0.13846153846153847 0.071944177093359
0 0.3457692307692308 0.9217998075072185 0.1123076923076923 0.08325312800769971
0 0.35923076923076924 0.8142444658325313 0.15269230769230768 0.07964388835418672
0 0.37461538461538463 0.8161693936477382 0.12192307692307693 0.08397497593840231
0 0.27884615384615385 0.8101539942252165 0.15653846153846154 0.08180943214629452
0 0.2373076923076923 0.8118383060635226 0.07115384615384615 0.10250240615976901
0 0.20576923076923076 0.8060635226179018 0.16307692307692306 0.08541867179980751
0 0.17307692307692307 0.8070259865255053 0.06615384615384616 0.11020211742059673
0 0.1396153846153846 0.8041385948026949 0.07653846153846154 0.11453320500481232
0 0.10730769230769231 0.8043792107795957 0.06846153846153846 0.11308950914340712
0 0.07230769230769231 0.8014918190567853 0.07230769230769231 0.11116458132820019
0 0.036923076923076927 0.8000481231953802 0.07384615384615385 0.11790182868142444
0 0.4976923076923077 0.9653512993262753 0.10461538461538461 0.06929740134744947
0 0.5334615384615384 0.9612608277189605 0.12846153846153846 0.07747834456207892
0 0.5753846153846154 0.9648700673724735 0.12307692307692308 0.07025986525505294
0 0.6169230769230769 0.964148219441771 0.12615384615384614 0.07170356111645813
0 0.48346153846153844 0.8132820019249278 0.08692307692307692 0.20692974013474494
0 0.5219230769230769 0.8159287776708374 0.1423076923076923 0.212223291626564
0 0.8434615384615385 0.8549085659287776 0.2023076923076923 0.29018286814244465
0 0.9792307692307692 0.832771896053898 0.04153846153846154 0.24590952839268526