0 0.281 0.12874015748031495 0.338 0.2574803149606299
0 0.2575 0.1346456692913386 0.223 0.2692913385826772
0 0.2085 0.1346456692913386 0.385 0.2692913385826772
0 0.183 0.1346456692913386 0.366 0.2692913385826772
0 0.132 0.14251968503937007 0.264 0.25354330708661416
0 0.8305 0.1893700787401575 0.295 0.15984251968503937
0 0.36822911351122967 0.9052033850131376 0.10256442335767929 0.0785122806007603
0 0.18162087159255577 0.8636378196169109 0.2211371182780183 0.25873680580725417
0 0.078 0.9011811023622047 0.156 0.19133858267716536
0 0.0655 0.5232283464566929 0.131 0.20236220472440944
0 0.2052864215701336 0.4685036557967326 0.16325217905561112 0.2429927595860665
0 0.888 0.5003937007874015 0.2005 0.15905511811023623
0 0.844 0.511023622047244 0.1585 0.24173228346456693
0 0.792 0.5232283464566929 0.208 0.16653543307086613
0 0.687 0.547244094488189 0.2235 0.17755905511811024
0 0.6345 0.5551181102362205 0.2215 0.17598425196850392
0 0.577 0.5700787401574803 0.1435 0.23385826771653542
0 0.49 0.5972440944881889 0.0555 0.2263779527559055