0 0.15436893203883495 0.1065 0.213915857605178 0.19325
0 0.17928802588996764 0.10375 0.21715210355987055 0.17625
0 0.2145631067961165 0.1085 0.08867313915857605 0.217
0 0.2540453074433657 0.10725 0.08187702265372168 0.21425
0 0.2948220064724919 0.1055 0.07313915857605179 0.211
0 0.4941747572815534 0.07475 0.14919093851132686 0.06375
0 0.5394822006472492 0.074 0.18996763754045307 0.06
0 0.6368932038834951 0.07025 0.17378640776699028 0.09275
0 0.7556634304207119 0.06825 0.13527508090614887 0.09175
0 0.8498381877022654 0.066 0.11294498381877023 0.0915
0 0.940453074433657 0.06375 0.10711974110032363 0.09125
0 0.5346278317152103 0.15375 0.03203883495145631 0.05675
0 0.555663430420712 0.15525 0.0284789644012945 0.05225
0 0.5750809061488673 0.1535 0.029449838187702266 0.0685
0 0.5928802588996763 0.1535 0.024271844660194174 0.0325
0 0.612621359223301 0.15275 0.02459546925566343 0.0345
0 0.6307443365695793 0.15225 0.03333333333333333 0.05725
0 0.6495145631067961 0.15175 0.019741100323624597 0.022
0 0.6650485436893204 0.1515 0.03300970873786408 0.06225
0 0.6818770226537216 0.15175 0.035275080906148865 0.0745
0 0.7006472491909385 0.15125 0.0255663430420712 0.0465
0 0.7213592233009709 0.151 0.042071197411003236 0.066
0 0.13592233009708737 0.679 0.027831715210355986 0.2195
0 0.1634304207119741 0.675 0.02912621359223301 0.21325
0 0.18737864077669902 0.6695 0.02912621359223301 0.216
0 0.21359223300970873 0.66675 0.028802588996763755 0.21975
0 0.23883495145631067 0.6595 0.02912621359223301 0.212
0 0.1524271844660194 0.40725 0.05210355987055016 0.30775
0 0.21003236245954693 0.39825 0.06957928802588997 0.318
0 0.28122977346278316 0.38675 0.08349514563106795 0.3135
0 0.7784731350036569 0.7534139861108303 0.2390906993710986 0.19085426044879977
0 0.8426878645919696 0.7518114251004157 0.24045303953845534 0.19194174911232562
0 0.9118926466832807 0.7478807816017787 0.12453399117890501 0.2781740704091258
0 0.962135922330097 0.746 0.07572815533980583 0.278
0 0.9831715210355987 0.42875 0.03365695792880259 0.2815
0 0.9458163265471965 0.433027767132401 0.08437062044797755 0.2749619218398222
0 0.8784671136824106 0.43334904980163047 0.09118232128476114 0.2803993651574517
0 0.8099604621211479 0.43648594896850446 0.07591970784415555 0.2833495011951406