0 0.4702102803738318 0.06230690010298661 0.2421144859813084 0.09912461380020597
0 0.4696261682242991 0.07312049433573635 0.24912383177570094 0.101956745623069
0 0.46904205607476634 0.08213182286302781 0.4278621495327103 0.032183316168898045
0 0.46991822429906543 0.09165808444902163 0.23335280373831777 0.09500514933058703
0 0.4696261682242991 0.1004119464469619 0.24766355140186916 0.10092687950566426
0 0.4669976635514019 0.1101956745623069 0.23014018691588786 0.09449021627188466
0 0.4661214953271028 0.11920700308959835 0.2421144859813084 0.09912461380020597
0 0.46524532710280375 0.1282183316168898 0.25 0.10247167868177137
0 0.464661214953271 0.13748712667353244 0.41968457943925236 0.02420185375901133
0 0.459696261682243 0.14701338825952626 0.254088785046729 0.10401647785787847
0 0.45882009345794394 0.1560247167868177 0.23422897196261683 0.09577754891864057
0 0.45794392523364486 0.16503604531410918 0.23744158878504673 0.0970648815653965
0 0.4570677570093458 0.17507723995880536 0.43311915887850466 0.029866117404737384
0 0.45619158878504673 0.18795056642636457 0.24912383177570094 0.10221421215242019
0 0.2532126168224299 0.24897013388259526 0.26255841121495327 0.10710607621009269
0 0.2537967289719626 0.2584963954685891 0.2570093457943925 0.10478887744593203
0 0.25350467289719625 0.26699279093717815 0.44042056074766356 0.04248197734294542
0 0.2505841121495327 0.2762615859938208 0.44421728971962615 0.03012358393408857
0 0.25029205607476634 0.28656024716786815 0.4439252336448598 0.021627188465499485
0 0.254088785046729 0.29582904222451084 0.2587616822429907 0.10607621009268794
0 0.25 0.30406797116374873 0.44042056074766356 0.036302780638516996
0 0.2505841121495327 0.3143666323377961 0.4480140186915888 0.032183316168898045
0 0.24824766355140188 0.32492276004119464 0.44742990654205606 0.039907312049433576
0 0.8632425834190999 0.05397458545635119 0.0945522223180624 0.08722206214484376
0 0.7473332946899752 0.0900968633099039 0.09690906119680494 0.08887480731329493
0 0.8599242075855061 0.10611885167325454 0.12578842418365288 0.06550734539988197
0 0.744551453684487 0.14587264743580985 0.06618179789050094 0.06069499036029896
0 0.7428159045223972 0.16665997006804073 0.05377271078603193 0.049314679667742875
0 0.7388288662647251 0.18090268347414798 0.047863621688665946 0.04389548409985908
0 0.742397903769857 0.1983283531782364 0.0596750031231941 0.054218942176924356
0 0.7435387364141053 0.2225976731824628 0.06736361570997423 0.06177882947387573
0 0.7402647441358386 0.2492392597445559 0.09035427988006763 0.03453697116868605
0 0.8381547094980986 0.22774188546045077 0.07090906916839387 0.06503034681460604
0 0.836456951745133 0.2013858467233289 0.05377271078603193 0.049314679667742875
0 0.8361651002843683 0.17921673870104105 0.05849998206392487 0.05365003612204995
0 0.8441187865191004 0.15227611106493372 0.09507475439775677 0.03835739456429076
0 0.9445520924377071 0.15949245402924014 0.06912954567897998 0.06288965508553852
0 0.7692757009345794 0.3094747682801236 0.1530373831775701 0.08032955715756952
0 0.9150116822429907 0.315653964984552 0.11039719626168225 0.06797116374871266
0 0.0683411214953271 0.384140061791967 0.1366822429906542 0.0690010298661174
0 0.07359813084112149 0.4129763130792997 0.14719626168224298 0.1266735324407827
0 0.0873247663551402 0.44438722966014416 0.1746495327102804 0.057672502574665295
0 0.06366822429906542 0.4812049433573635 0.12733644859813084 0.12512873326467558
0 0.06337616822429906 0.5216271884654995 0.12675233644859812 0.12770339855818744
0 0.0625 0.561534500514933 0.125 0.12306900102986612
0 0.06191588785046729 0.6040164778578785 0.12383177570093458 0.12976313079299692
0 0.05957943925233645 0.645211122554068 0.1191588785046729 0.12564366632337795
0 0.07768691588785047 0.6820288362512873 0.15537383177570094 0.04891864057672503
0 0.06658878504672897 0.7590113285272915 0.13317757009345793 0.14418125643666324
0 0.05724299065420561 0.8004634397528322 0.11448598130841121 0.12100926879505665
0 0.055782710280373834 0.8377960865087538 0.11156542056074767 0.11946446961894953
0 0.07564252336448599 0.8795056642636457 0.15128504672897197 0.06694129763130793
0 0.05724299065420561 0.9276519052523172 0.11448598130841121 0.13027806385169927
0 0.0566588785046729 0.9533985581874357 0.1133177570093458 0.09320288362512873
0 0.055490654205607476 0.9732234809474768 0.11098130841121495 0.053553038105046344
0 0.29697963363415514 0.39341608146782187 0.22674467140995713 0.06296694674692944
0 0.2932232759954129 0.4344623004245384 0.21546302804333015 0.04855101069833124
0 0.2914297497575882 0.4817821688289843 0.14949995416336356 0.13710564786746116
0 0.29103873143186215 0.5335464344776153 0.21525953446521615 0.07736027548757787
0 0.2882940679934939 0.6086457015539032 0.22814439478395848 0.12478590028929953
0 0.2835016136516593 0.683907982416241 0.22112104624115506 0.07917493964454508
0 0.2870194708412603 0.727351264833842 0.21775189932003366 0.045054425279758725
0 0.2855961634205469 0.7687628963122537 0.21678078106688148 0.05993351098595527
0 0.2834256216054071 0.8225059347014363 0.22158281670701738 0.0699331310859884
0 0.27945516602024184 0.8797725450072772 0.21575528873209815 0.0706931322225331
0 0.5288009956305015 0.38738090355109994 0.21964017097270996 0.055434045948064094
0 0.5278802392368741 0.434998718232026 0.223790126861274 0.06025734896298758
0 0.5252037480145464 0.48279303994804523 0.21790822480472352 0.05689788562991321
0 0.5237158713718961 0.5290965354841294 0.22375614306025468 0.05768268366947562
0 0.5224860670029924 0.5779881895627684 0.2238037203816819 0.061287215080392206
0 0.5195476958988129 0.6677630488120737 0.22099190779728084 0.06939121152920008
0 0.5189223939600537 0.7151368902126916 0.222451983557111 0.04733004949925633
0 0.5157943274121695 0.7528630307859286 0.21309939240438355 0.0463833324711777
0 0.5132401778735122 0.7913885574453052 0.21195155838593008 0.04787415865111266
0 0.9164719626168224 0.8936663233779608 0.16705607476635514 0.2023686920700309
0 0.9261098130841121 0.8470648815653965 0.1477803738317757 0.16992790937178168
0 0.9240654205607477 0.8040679711637487 0.15186915887850466 0.18074150360453142
0 0.8907710280373832 0.7608135942327497 0.21845794392523366 0.0705458290422245
0 0.9226051401869159 0.7173017507723995 0.15478971962616822 0.18640576725025745