0 0.11678832116788321 0.09884219554030875 0.21015815085158152 0.1976843910806175
0 0.13716545012165451 0.112778730703259 0.27433090024330903 0.11042024013722126
0 0.12104622871046229 0.12993138936535162 0.20072992700729927 0.19532590051457976
0 0.13777372262773724 0.14558319039451115 0.2755474452554745 0.10827615780445969
0 0.12408759124087591 0.16123499142367068 0.20681265206812652 0.20154373927958832
0 0.12652068126520682 0.17860205831903944 0.20316301703163017 0.19811320754716982
0 0.12895377128953772 0.19403945111492282 0.19251824817518248 0.18782161234991424
0 0.13169099756690997 0.20926243567753003 0.19251824817518248 0.18782161234991424
0 0.14263990267639903 0.22469982847341338 0.2849756690997567 0.08747855917667238
0 0.14750608272506083 0.24056603773584906 0.29501216545012166 0.10291595197255575
0 0.14142335766423358 0.2564322469982847 0.20802919708029197 0.2028301886792453
0 0.149330900243309 0.27165523156089194 0.298661800486618 0.08533447684391081
0 0.15145985401459855 0.2890222984562607 0.3029197080291971 0.09862778730703259
0 0.15054744525547445 0.311106346483705 0.20194647201946472 0.19746998284734132
0 0.3068734793187348 0.3957975986277873 0.2062043795620438 0.20047169811320756
0 0.30809002433090027 0.4125214408233276 0.22445255474452555 0.21891080617495712
0 0.3099148418491484 0.42753001715265865 0.21684914841849148 0.2109777015437393
0 0.3141727493917275 0.4431818181818182 0.3287712895377129 0.08940823327615781
0 0.31630170316301703 0.4607632933104631 0.22141119221411193 0.21612349914236706
0 0.31538929440389296 0.47641509433962265 0.20194647201946472 0.19639794168096056
0 0.31630170316301703 0.49099485420240135 0.3236009732360097 0.11492281303602059
0 0.3190389294403893 0.48842195540308747 0.20894160583941607 0.17259862778730703
0 0.3217761557177616 0.5002144082332761 0.19495133819951338 0.14751286449399656
0 0.8576642335766423 0.04180960548885077 0.2846715328467153 0.08361921097770154
0 0.9124087591240876 0.30231560891938253 0.17518248175182483 0.21612349914236706
0 0.916058394160584 0.33426243567753 0.1678832116788321 0.22341337907375644
0 0.9212287104622872 0.419811320754717 0.1575425790754258 0.21783876500857632
0 0.9370437956204379 0.4961406518010292 0.1259124087591241 0.18696397941680962
0 0.9017639902676399 0.5308747855917667 0.1964720194647202 0.10463121783876501
0 0.5583941605839416 0.04867066895368782 0.13746958637469586 0.09734133790737565
0 0.5888077858880778 0.02530017152658662 0.19829683698296838 0.05060034305317324
0 0.593978102189781 0.03623499142367067 0.2086374695863747 0.07246998284734134
0 0.5568734793187348 0.06518010291595197 0.13442822384428224 0.13036020583190394
0 0.5583941605839416 0.07204116638078903 0.13746958637469586 0.14408233276157806
0 0.5638686131386861 0.08361921097770154 0.14841849148418493 0.1672384219554031
0 0.5647810218978102 0.09176672384219554 0.1502433090024331 0.1835334476843911
0 0.5976277372262774 0.10227272727272728 0.2159367396593674 0.07847341337907375
0 0.5681265206812652 0.11470840480274443 0.15693430656934307 0.19339622641509435
0 0.5632603406326034 0.13036020583190394 0.14720194647201945 0.17753001715265868
0 0.6046228710462287 0.14472555746140653 0.22992700729927007 0.10248713550600343
0 0.569647201946472 0.1590909090909091 0.1599756690997567 0.1843910806174957
0 0.5714720194647201 0.1762435677530017 0.16362530413625304 0.18610634648370497
0 0.610705596107056 0.23713550600343053 0.24209245742092458 0.13036020583190394
0 0.6180048661800487 0.3177530017152659 0.25669099756691 0.14493996569468268
0 0.6329075425790754 0.40287307032590053 0.2864963503649635 0.145368782161235
0 0.6344282238442822 0.4888507718696398 0.2895377128953771 0.1320754716981132
0 0.6435523114355232 0.5467409948542024 0.3077858880778589 0.08576329331046312
0 0.17883211678832117 0.638507718696398 0.29927007299270075 0.09777015437392796
0 0.3013990267639903 0.6219982847341338 0.21776155717761558 0.06389365351629503
0 0.06508515815085159 0.6472984562607204 0.13017031630170317 0.0741852487135506
0 0.30413625304136255 0.6569468267581475 0.2594282238442822 0.07375643224699828
0 0.07542579075425791 0.6882504288164666 0.15085158150851583 0.09262435677530018
0 0.3150851581508516 0.682032590051458 0.177007299270073 0.09476843910806175
0 0.3242092457420925 0.7084048027444254 0.13746958637469586 0.07289879931389365
0 0.07907542579075426 0.7328473413379074 0.15784671532846714 0.08897941680960549
0 0.21350364963503649 0.7495711835334476 0.42670316301703165 0.07697255574614065
0 0.2208029197080292 0.7725128644939966 0.3290754257907543 0.07182675814751287
0 0.3488442822384428 0.8102487135506004 0.1876520681265207 0.10012864493996569
0 0.11009732360097324 0.8368353344768439 0.2198905109489051 0.05295883361921098
0 0.11952554744525548 0.869639794168096 0.22992700729927007 0.06153516295025729
0 0.3531021897810219 0.842409948542024 0.17883211678832117 0.09584048027444254
0 0.35918491484184917 0.9000857632933105 0.11192214111922141 0.05981989708404803
0 0.3680048661800487 0.9260291595197255 0.13838199513381996 0.07397084048027444
0 0.375 0.9515437392795884 0.1389902676399027 0.06410806174957118
0 0.9747566909975669 0.6457975986277873 0.05048661800486618 0.11234991423670669
0 0.9820559610705596 0.6725986277873071 0.035888077858880776 0.12049742710120069
0 0.9729318734793188 0.7360634648370498 0.054136253041362534 0.06646655231560893
0 0.9692822384428224 0.7993138936535163 0.06143552311435523 0.08919382504288165
0 0.7746350364963503 0.6067753001715266 0.16849148418491483 0.03430531732418525
0 0.7822384428223844 0.625 0.16423357664233576 0.07075471698113207
0 0.7898228599169097 0.6424835010256298 0.2349934294733172 0.0912144263132165
0 0.8017744187957419 0.703543399535621 0.21598328141689668 0.1592043755336185
0 0.8158478525959986 0.764712756089436 0.1636991441286567 0.12066498779637365
0 0.8180041046021624 0.8005684175535487 0.2303952285549338 0.0623038084437221
0 0.8244819737996886 0.8342845045392717 0.2320081891595297 0.07437064104401675
0 0.8330602270778991 0.8779578354153147 0.2383599105152204 0.08281801159265961
0 0.8442766027353739 0.9244979455993568 0.2329137733599353 0.0834057726100302
0 0.5699513381995134 0.6080617495711835 0.16058394160583941 0.03687821612349914
0 0.572992700729927 0.62778730703259 0.16666666666666666 0.07204116638078903
0 0.5781630170316302 0.6653087478559176 0.177007299270073 0.07332761578044597
0 0.5818126520681265 0.7051886792452831 0.1843065693430657 0.07590051457975987
0 0.5881995133819952 0.7783018867924528 0.19708029197080293 0.0823327615780446
0 0.5909367396593674 0.8168953687821612 0.20255474452554745 0.06432246998284734
0 0.5927615571776156 0.8475557461406518 0.2062043795620438 0.0630360205831904
0 0.5961070559610706 0.8788593481989708 0.21289537712895376 0.06389365351629503