0 0.11829066886870356 0.12659438775510204 0.12200660611065235 0.09837372448979592
0 0.11643270024772914 0.1485969387755102 0.12076796036333609 0.09741709183673469
0 0.11374896779521057 0.1747448979591837 0.12427745664739884 0.10108418367346939
0 0.1087943848059455 0.2259247448979592 0.12324525185796863 0.10012755102040816
0 0.10322047894302229 0.25063775510204084 0.12530966143682906 0.10108418367346939
0 0.10177539223781998 0.27981505102040816 0.12303881090008258 0.09837372448979592
0 0.09847233691164327 0.33785076530612246 0.12200660611065235 0.09837372448979592
0 0.10074318744838975 0.35778061224489793 0.15895953757225434 0.05899234693877551
0 0.09227910817506194 0.3762755102040816 0.12241948802642444 0.08721301020408163
0 0.9345582163501238 0.2536670918367347 0.13088356729975226 0.19355867346938777
0 0.7072181115282031 0.21278995156308098 0.2533252416688742 0.1956485125389072
0 0.4316680429397192 0.16565688775510204 0.22336911643270024 0.21014030612244897
0 0.9161849710982659 0.3630420918367347 0.1676300578034682 0.11383928571428571
0 0.6729975227085053 0.3388073979591837 0.27250206440957886 0.16230867346938777
0 0.4184558216350124 0.3148915816326531 0.19694467382328654 0.21014030612244897
0 0.2894302229562345 0.654655612244898 0.06090008257638316 0.2024872448979592
0 0.2879851362510322 0.7168367346938775 0.05697770437654831 0.1838329081632653
0 0.28736581337737405 0.7659438775510204 0.05883567299752271 0.1903698979591837
0 0.286952931461602 0.8043686224489796 0.053674649050371594 0.17283163265306123
0 0.2863336085879438 0.8424744897959183 0.05697770437654831 0.1838329081632653
0 0.28488852188274155 0.8863201530612245 0.05057803468208093 0.16198979591836735
0 0.2834434351775392 0.9134247448979592 0.05697770437654831 0.17315051020408162
0 0.2000412881915772 0.6014030612244898 0.05615194054500413 0.10491071428571429
0 0.19859620148637488 0.6701211734693877 0.04376548307184145 0.14014668367346939
0 0.19694467382328654 0.7305484693877551 0.053674649050371594 0.09295280612244898
0 0.1959124690338563 0.7962372448979592 0.054500412881915775 0.09215561224489796
0 0.19384805945499586 0.8590561224489796 0.05264244426094137 0.09279336734693877
0 0.2791081750619323 0.9818239795918368 0.08175061932287365 0.03571428571428571
0 0.13459950454170108 0.5883290816326531 0.07679603633360858 0.1591198979591837
0 0.13170933113129646 0.7329400510204082 0.0805119735755574 0.2032844387755102
0 0.12097440132122213 0.8915816326530612 0.09413707679603633 0.21683673469387754
0 0.05388109000825764 0.4995216836734694 0.08484723369116433 0.10044642857142858
0 0.053674649050371594 0.5409757653061225 0.087943848059455 0.09056122448979592
0 0.694260941370768 0.7114158163265306 0.49463253509496286 0.2549426020408163
0 0.6864161849710982 0.8035714285714286 0.4393063583815029 0.22576530612244897
0 0.6692815854665566 0.8721301020408163 0.4320809248554913 0.2227359693877551
0 0.6657720891824938 0.9159757653061225 0.4265070189925681 0.1680484693877551
0 0.6573080099091659 0.9539221938775511 0.31626754748142033 0.09215561224489796