0 0.10213032581453634 0.22264991896272285 0.19862155388471178 0.11973257698541329
0 0.1093358395989975 0.2585089141004862 0.21209273182957394 0.13249594813614263
0 0.11152882205513784 0.30226904376012964 0.16165413533834586 0.17382495948136142
0 0.13565162907268172 0.3857374392220421 0.16760651629072681 0.18010534846029175
0 0.14348370927318296 0.4290923824959481 0.17637844611528822 0.1882090761750405
0 0.15914786967418545 0.4760940032414911 0.16604010025062657 0.17706645056726095
0 0.18890977443609022 0.5690842787682334 0.22180451127819548 0.11021069692058347
0 0.19611528822055138 0.6027147487844409 0.17042606516290726 0.1817260940032415
0 0.20614035087719298 0.6280388978930308 0.17731829573934837 0.15336304700162073
0 0.6986215538847118 0.20684764991896273 0.5573308270676691 0.4134927066450567
0 0.7098997493734336 0.26722042139384117 0.5025062656641605 0.41855753646677474
0 0.731829573934837 0.34846029173419774 0.35369674185463656 0.6389789303079416
0 0.7424812030075187 0.398095623987034 0.37374686716791977 0.6014991896272285
0 0.7518796992481203 0.4698136142625608 0.3101503759398496 0.451580226904376
0 0.13063909774436092 0.7453403565640194 0.16416040100250626 0.051053484602917344
0 0.27537593984962405 0.7512155591572123 0.15068922305764412 0.0547001620745543
0 0.15194235588972432 0.7720826580226904 0.13095238095238096 0.055105348460291734
0 0.2966791979949875 0.7799837925445705 0.09367167919799499 0.03950567260940033
0 0.3051378446115288 0.7905186385737439 0.07706766917293233 0.03241491085899514
0 0.31453634085213034 0.7974068071312804 0.06735588972431078 0.028363047001620744
0 0.31610275689223055 0.8069286871961102 0.10651629072681704 0.024513776337115073
0 0.3233082706766917 0.8196920583468396 0.09367167919799499 0.03950567260940033
0 0.33521303258145363 0.8332658022690438 0.09429824561403509 0.03970826580226904
0 0.21679197994987467 0.833063209076175 0.1149749373433584 0.02957860615883306
0 0.20958646616541354 0.8190842787682334 0.09962406015037593 0.02188006482982172
0 0.20300751879699247 0.8075364667747164 0.10307017543859649 0.025121555915721232
0 0.18515037593984962 0.7943679092382496 0.1149749373433584 0.028363047001620744
0 0.07268170426065163 0.8095623987034035 0.12030075187969924 0.028768233387358184
0 0.3223684210526316 0.8835089141004863 0.19486215538847118 0.07941653160453808
0 0.16290726817042606 0.8962722852512156 0.1651002506265664 0.0547001620745543
0 0.18640350877192982 0.9226094003241491 0.14849624060150377 0.03464343598055105
0 0.19799498746867167 0.9578606158833063 0.19360902255639098 0.0682739059967585
0 0.35401002506265666 0.9578606158833063 0.13157894736842105 0.060777957860615885
0 0.22713032581453635 0.9844003241491086 0.17011278195488722 0.02633711507293355
0 0.8630952380952381 0.7465559157212318 0.27380952380952384 0.0733387358184765
0 0.9113408521303258 0.7814019448946515 0.17731829573934837 0.14303079416531606
0 0.9235588972431078 0.7990275526742301 0.15288220551378445 0.17828200972447325
0 0.9257518796992481 0.8205024311183144 0.14849624060150377 0.22123176661264182
0 0.9417293233082706 0.8480551053484603 0.11654135338345864 0.21150729335494328
0 0.9097744360902256 0.8873581847649918 0.18045112781954886 0.14505672609400325
0 0.9505012531328321 0.9055915721231766 0.09899749373433583 0.18881685575364668
0 0.5639097744360902 0.7649918962722853 0.2882205513784461 0.11021069692058347
0 0.5736215538847118 0.7988249594813615 0.3076441102756892 0.1219611021069692
0 0.5836466165413534 0.8423824959481362 0.3276942355889724 0.13209076175040518
0 0.6030701754385965 0.9171393841166937 0.36654135338345867 0.13087520259319288
0 0.606516290726817 0.9461102106969206 0.37343358395989973 0.10210696920583469
0 0.6083959899749374 0.9554294975688817 0.37719298245614036 0.08914100486223663
0 0.6118421052631579 0.9625202593192869 0.3840852130325815 0.07495948136142626
0 0.6140350877192983 0.9698136142625607 0.38847117794486213 0.06037277147487844
0 0.6181077694235589 0.9767017828200972 0.3966165413533835 0.04659643435980551
0 0.6209273182957393 0.9841977309562399 0.40225563909774437 0.031604538087520256
0 0.7133458646616542 0.9916936790923825 0.237468671679198 0.01661264181523501