0 0.16842475386779185 0.46878393051031486 0.22011251758087202 0.14169381107491857
0 0.6729957805907173 0.18702497285559175 0.20675105485232068 0.2285559174809989
0 0.6845991561181435 0.18213897937024973 0.229957805907173 0.22095548317046687
0 0.7063994374120957 0.1753528773072747 0.27355836849507736 0.24538545059717698
0 0.7134317862165963 0.1748099891422367 0.14978902953586498 0.3496199782844734
0 0.7419413619645968 0.1646190583573708 0.2855308120168626 0.2235961833707489
0 0.770745428973277 0.16883821932681867 0.11673699015471167 0.33767643865363733
0 0.8892405063291139 0.14060803474484257 0.22151898734177214 0.23887079261672095
0 0.9430379746835443 0.15770901194353962 0.11392405063291139 0.31541802388707924
0 0.9194796061884669 0.13327904451682954 0.16104078762306612 0.23072747014115091
0 0.9338959212376934 0.1281216069489685 0.13220815752461323 0.23344191096634093
0 0.9462025316455697 0.1240499457111835 0.10759493670886076 0.23724212812160694
0 0.9585091420534458 0.11970684039087948 0.0829817158931083 0.23941368078175895
0 0.10372714486638537 0.8680781758957655 0.20745428973277075 0.26167209554831705
0 0.08122362869198312 0.6395222584147665 0.16244725738396623 0.1997828447339848
0 0.262498941952458 0.7254485662902709 0.3223629942784205 0.25302297250689326
0 0.19655414908579466 0.5732899022801303 0.2088607594936709 0.06731813246471227
0 0.5115413812294387 0.7231415990371081 0.09323749906508579 0.22057842124995358
0 0.6367791842475387 0.6731813246471227 0.13431786216596342 0.2671009771986971
0 0.6234177215189873 0.6110206297502715 0.10759493670886076 0.14277958740499458
0 0.7681373199406208 0.7508334909436468 0.08890829924016691 0.2766561020156805
0 0.7970691805871888 0.7361411367248505 0.1077993188898927 0.2992413749768036
0 0.832435150440589 0.736827245821123 0.09857441174140776 0.2857945807632821
0 0.8595424470288787 0.7349449482622961 0.0841494235318259 0.27912701386018157
0 0.8877787764801223 0.7259703147035909 0.10449507400366491 0.290958893083697
0 0.9223355466950613 0.7226369473436547 0.09927764662185751 0.2858293706176663
0 0.9525316455696202 0.7155266015200868 0.0949367088607595 0.2888165038002172
0 0.9711673699015471 0.7152551574375678 0.057665260196905765 0.2785016286644951
0 0.980309423347398 0.7114549402823018 0.03938115330520394 0.28067318132464714
0 0.7345288326300985 0.5727470141150923 0.09353023909985936 0.06623235613463627
0 0.7735583684950773 0.5713897937024973 0.1209563994374121 0.06351791530944625