0 0.4406719754719632 0.051571451206924156 0.1266527979057383 0.09232942261333789
0 0.43331153180063325 0.07115795303882848 0.152543148858845 0.11120339298181017
0 0.33883684238514905 0.10369851969772946 0.4446518293443418 0.08144812850100835
0 0.31174855918813826 0.15313706821636242 0.35896621726875005 0.26168504862233327
0 0.39084877666953255 0.1976906546604857 0.2575040311011697 0.1877194890702116
0 0.3656289738462426 0.2346839952466826 0.3134831682970762 0.22852807365069264
0 0.37046876618062025 0.2702054448189215 0.4385575954845721 0.09876815450204963
0 0.4419184661816732 0.30040081672734065 0.3080293729608366 0.09350297472254375
0 0.8238031914893617 0.03988035892323031 0.18882978723404256 0.07976071784646062
0 0.8342028012748945 0.08734131941396965 0.25864736279882883 0.10907180840398817
0 0.8338826178595966 0.18715824492920174 0.21551967820423978 0.1571130506348511
0 0.8382326989342124 0.2820655439136816 0.22111759192383043 0.1611939090928992
0 0.836437691380366 0.3648869056036782 0.2777230313612783 0.09695728086194752
0 0.8592465749127047 0.4576207597251362 0.21971811349393264 0.16017369447838703
0 0.8495656124622174 0.5580230024801599 0.22965384489492666 0.1693092147261327
0 0.6509308510638298 0.2126121635094716 0.0625 0.14506480558325024
0 0.6602393617021277 0.3143070787637089 0.08111702127659574 0.13409770687936193
0 0.6589095744680851 0.3988035892323031 0.07845744680851063 0.0897308075772682
0 0.6605718085106383 0.4773180458624128 0.08178191489361702 0.09222333000997009
0 0.664561170212766 0.5545862412761715 0.08976063829787234 0.08624127617148554
0 0.3058510638297872 0.7490029910269193 0.3882978723404255 0.19890329012961117
0 0.47804257316046705 0.8366438997583364 0.17493480373720766 0.12752682681400246
0 0.48058301529220354 0.8479182648090732 0.19662671940062154 0.14334015333893893
0 0.17529513554205264 0.8535712716252024 0.28753068939615295 0.06625885346932556
0 0.17059285271060898 0.8684625907074777 0.17283558609236116 0.12599650489223455
0 0.4900265957446808 0.9227318045862413 0.21675531914893617 0.15453639082751744
0 0.18303796226943106 0.9427979817076881 0.30880445788443606 0.07609012615577725
0 0.5006648936170213 0.9489032901296112 0.1875 0.10219341974077767
0 0.5 0.9561316051844466 0.18882978723404256 0.08773678963110668
0 0.49867021276595747 0.9603688933200398 0.19946808510638298 0.07926221335992024
0 0.48636968085106386 0.9882851445663011 0.2666223404255319 0.023429710867397806
0 0.488031914893617 0.9912761714855434 0.2632978723404255 0.01744765702891326
0 0.18450797872340424 0.982801595214357 0.3025265957446808 0.034396809571286144
0 0.1841755319148936 0.9905284147557328 0.2978723404255319 0.018943170488534396
0 0.839095744680851 0.7390329012961117 0.32180851063829785 0.178963110667996
0 0.6585771276595744 0.7161016949152542 0.07779255319148937 0.13310069790628115
0 0.6622340425531915 0.7996011964107677 0.0851063829787234 0.08673978065802593
0 0.6738696808510638 0.9110169491525424 0.10837765957446809 0.17796610169491525
0 0.859375 0.9439182452642074 0.28125 0.11216350947158524