0 0.2508680555555556 0.022635814889336015 0.1189236111111111 0.04527162977867203
0 0.25331031231239415 0.02965536411234683 0.18145117689943724 0.05669165350942426
0 0.25817417448281954 0.05620955353401692 0.11499119661019425 0.09084852517515618
0 0.2631668676170817 0.07991330700665952 0.11903385586602136 0.09404241863834528
0 0.2665495240252369 0.10569749367385108 0.16270668637742366 0.044469580594018725
0 0.268196069322281 0.13155980692383265 0.16847581331804623 0.05711174035580268
0 0.2736958165753922 0.15842004428272446 0.1136436435249186 0.08978389402075981
0 0.2770481598155858 0.18487492176145184 0.10690587809854 0.08446073824877798
0 0.2800953062418384 0.20849889493684928 0.11139772171612566 0.0880095087634326
0 0.2800071141175891 0.25836770216778493 0.12801754310119287 0.10113995966765435
0 0.2863900735102367 0.2848535308295137 0.11229609043964277 0.08871926286636345
0 0.28985609113028626 0.3087933177649816 0.10960098426909129 0.0865900005575708
0 0.2931932777864992 0.33558354064947693 0.12307651512184847 0.09723631210153431
0 0.2866753472222222 0.36653252850435947 0.1462673611111111 0.05432595573440644
0 0.29875709019967644 0.39456857620214975 0.11094853735436692 0.08765463171196708
0 0.3012152777777778 0.42069081153588195 0.1171875 0.09557344064386318
0 0.3426649305555556 0.44181757209926226 0.03428819444444445 0.04527162977867203
0 0.08159722222222222 0.043259557344064385 0.1232638888888889 0.08651911468812877
0 0.08671804567661656 0.06425989899030246 0.16624504809323426 0.055672700504243375
0 0.09032253768681839 0.09471938969254766 0.16947063470311344 0.06953905201491402
0 0.09314715706651683 0.12805861381236663 0.11317930257917909 0.08909367156352645
0 0.09897896627819068 0.1763223622033141 0.14327465481700338 0.1128704340117118
0 0.10611285882319788 0.224527515657169 0.11723711841898697 0.09262291043248341
0 0.10570776132436678 0.252657466450281 0.11005016863084983 0.08694487760903623
0 0.10883551238368112 0.2792897824547411 0.16619957834129184 0.05466666428693949
0 0.11290916705278015 0.3137441205576554 0.12801754310119268 0.10113995966765435
0 0.11861283674512466 0.35046774991815516 0.17129768531810935 0.07162925103231174
0 0.9650607638888888 0.07796780684104627 0.06987847222222222 0.15593561368209255
0 0.7507253865023726 0.1033578750141053 0.3186081033442596 0.14920698342668948
0 0.4650607638888889 0.14403085177733066 0.2105034722222222 0.2129443326626425
0 0.9613715277777778 0.233065057008719 0.07725694444444445 0.2421193829644534
0 0.7517925151864122 0.266625565937759 0.31397572020219644 0.16171572909750104
0 0.4891493055555556 0.30432595573440646 0.2586805555555556 0.19416498993963782
0 0.8936631944444444 0.4067739771965124 0.2126736111111111 0.22803487592219987
0 0.5720746744208591 0.4335107901394084 0.28163859482262404 0.22250791126883945
0 0.2011670256892507 0.7049627282823081 0.1271191743776756 0.10043020556472348
0 0.052734375 0.744299128101945 0.10546875 0.10295103957075788
0 0.046875 0.8155600268276325 0.09375 0.11133467471495641
0 0.21922117259803928 0.880517858380162 0.1737916256282601 0.08847464790349875
0 0.21496149025412611 0.9364309950233144 0.14598491757153553 0.11533504172627247
0 0.4832899305555556 0.6596244131455399 0.24696180555555555 0.12743125419181758
0 0.5056423611111112 0.7035546613011402 0.2916666666666667 0.06421864520456069
0 0.4991319444444444 0.7625754527162978 0.2786458333333333 0.14570757880617036
0 0.5128038194444444 0.8333333333333334 0.2647569444444444 0.13715627095908786
0 0.5245225694444444 0.8898390342052314 0.3292100694444444 0.07427900737759893
0 0.5353732638888888 0.9470154258886653 0.3480902777777778 0.10429242119382964
0 0.7975260416666666 0.6842723004694836 0.1447482638888889 0.07545271629778671
0 0.8079427083333334 0.6961770623742455 0.13411458333333334 0.06941649899396378
0 0.8049045138888888 0.7082494969818913 0.17274305555555555 0.08936955063715626
0 0.8075086805555556 0.7189805499664654 0.08984375 0.04594232059020791
0 0.8088107638888888 0.7307176391683434 0.08984375 0.04711602951039571
0 0.8103298611111112 0.7417840375586855 0.1469184027777778 0.0761234071093226
0 0.8118489583333334 0.7530181086519114 0.0642361111111111 0.03386988598256204
0 0.8140190972222222 0.7624077800134138 0.2443576388888889 0.03571428571428571
0 0.8179253472222222 0.7723004694835681 0.18424479166666666 0.09540576794097921
0 0.8192274305555556 0.7835345405767941 0.1213107638888889 0.06338028169014084
0 0.8229166666666666 0.795774647887324 0.1853298611111111 0.09557344064386318