0 0.7697688564476886 0.30231560891938253 0.060218978102189784 0.11492281303602059
0 0.7481751824817519 0.30510291595197253 0.10340632603406326 0.10934819897084049
0 0.7040754257907542 0.307032590051458 0.09793187347931874 0.10548885077186965
0 0.656934306569343 0.317967409948542 0.17639902676399027 0.08361921097770154
0 0.6067518248175182 0.31989708404802747 0.17822384428223845 0.0797598627787307
0 0.5580900243309003 0.32289879931389365 0.16727493917274938 0.07375643224699828
0 0.514294403892944 0.3259005145797599 0.1575425790754258 0.06775300171526587
0 0.423661800486618 0.31989708404802747 0.18795620437956204 0.0797598627787307
0 0.3740875912408759 0.3259005145797599 0.16909975669099755 0.06775300171526587
0 0.32968369829683697 0.32675814751286447 0.17153284671532848 0.0660377358490566
0 0.28041362530413627 0.32654373927958835 0.18004866180048662 0.06646655231560893
0 0.22354014598540145 0.3293310463121784 0.17092457420924576 0.060891938250428816
0 0.1721411192214112 0.319253859348199 0.09124087591240876 0.08104631217838765
0 0.12317518248175183 0.32032590051457976 0.12347931873479319 0.07890222984562607
0 0.7624695863746959 0.1610205831903945 0.07481751824817519 0.11363636363636363
0 0.7317518248175182 0.1631646655231561 0.1362530413625304 0.12735849056603774
0 0.6936746094311348 0.165446158801417 0.18614322283326104 0.13012198014576618
0 0.6047365224587454 0.16975595500352822 0.23295522879231542 0.1637326397907954
0 0.5156743033621375 0.17513779237202026 0.1802715474810172 0.1263990044939057
0 0.4640766651993976 0.17410733477235635 0.11091584269845714 0.16957208224895146
0 0.4151728196192594 0.17624106128269315 0.11132550380579008 0.1678893101515689
0 0.3514718224943862 0.17931020320739355 0.1291019267214176 0.17523138267700694
0 0.28361844268122566 0.18388340150092833 0.13544535434051566 0.17258709886823667
0 0.7354014598540146 0.02530017152658662 0.12895377128953772 0.05060034305317324
0 0.7013381995133819 0.027015437392795882 0.17274939172749393 0.054030874785591765
0 0.6435523114355232 0.031089193825042882 0.18856447688564476 0.062178387650085765
0 0.5371046228710462 0.03323327615780446 0.18856447688564476 0.06646655231560893
0 0.4811435523114355 0.04481132075471698 0.12043795620437957 0.08962264150943396
0 0.43643552311435524 0.04416809605488851 0.10036496350364964 0.08833619210977701
0 0.39081508515815083 0.03344768439108062 0.16484184914841848 0.06689536878216124
0 0.6380778588807786 0.6054888507718696 0.25547445255474455 0.14708404802744426
0 0.5918491484184915 0.6074185248713551 0.1809610705596107 0.22598627787307032
0 0.5057785888077859 0.6106346483704974 0.22749391727493917 0.22620068610634647
0 0.333029197080292 0.6166380789022299 0.20833333333333334 0.2326329331046312
0 0.24726277372262773 0.6164236706689536 0.19586374695863748 0.22791595197255574
0 0.1633211678832117 0.6213550600343053 0.3266423357664234 0.1721698113207547
0 0.05991484184914842 0.6299313893653516 0.11982968369829684 0.1457975986277873
0 0.030717761557177616 0.6280017152658662 0.06143552311435523 0.14794168096054888
0 0.9035888077858881 0.7922384219554031 0.07451338199513383 0.16252144082332762
0 0.8950729927007299 0.7926672384219554 0.03193430656934307 0.24656946826758147
0 0.8874695863746959 0.7973842195540308 0.043491484184914844 0.24313893653516294
0 0.8795620437956204 0.7948113207547169 0.037712895377128956 0.24935677530017153
0 0.8725669099756691 0.7937392795883362 0.034367396593673966 0.25171526586620924
0 0.8677007299270073 0.8003859348198971 0.07360097323600973 0.15994854202401373
0 0.8625304136253041 0.8001715265866209 0.07512165450121655 0.16380789022298456
0 0.8412408759124088 0.8012435677530018 0.0787712895377129 0.1702401372212693
0 0.8357664233576643 0.8008147512864494 0.07147201946472019 0.15608919382504288
0 0.833941605839416 0.8063893653516295 0.06782238442822384 0.1580188679245283
0 0.8309002433090025 0.8046740994854202 0.06204379562043796 0.15737564322469982
0 0.8290754257907542 0.8074614065180102 0.05809002433090024 0.16187821612349915
0 0.8266423357664233 0.8059605488850772 0.0535279805352798 0.15994854202401373
0 0.8223844282238443 0.8089622641509434 0.045012165450121655 0.145368782161235
0 0.8032238442822385 0.8113207547169812 0.006690997566909975 0.2362778730703259
0 0.8032238442822385 0.8117495711835334 0.006386861313868613 0.23391938250428818
0 0.8047445255474452 0.8102487135506004 0.009732360097323601 0.13679245283018868
0 0.8065693430656934 0.5825471698113207 0.01338199513381995 0.11106346483704975
0 0.8041362530413625 0.5834048027444254 0.00851581508515815 0.112778730703259
0 0.8017031630170316 0.5825471698113207 0.0036496350364963502 0.112778730703259
0 0.816301703163017 0.5789022298456261 0.031630170316301706 0.18460548885077188
0 0.8248175182481752 0.5767581475128645 0.049878345498783457 0.11599485420240137
0 0.8284671532846716 0.5782590051457976 0.030717761557177616 0.18674957118353344
0 0.833941605839416 0.576114922813036 0.052311435523114354 0.11406518010291596
0 0.8391119221411192 0.576114922813036 0.053832116788321165 0.11663807890222985
0 0.8448905109489051 0.5756861063464837 0.05778588807785888 0.12521440823327615
0 0.8503649635036497 0.5746140651801029 0.05748175182481752 0.1239279588336192
0 0.8564476885644768 0.5735420240137221 0.035583941605839414 0.18996569468267582
0 0.86161800486618 0.5728987993138936 0.028588807785888078 0.18460548885077188
0 0.8667883211678832 0.5722555746140652 0.055656934306569344 0.12049742710120069
0 0.871654501216545 0.5716123499142367 0.023418491484184914 0.18310463121783876
0 0.8777372262773723 0.5726843910806175 0.024939172749391728 0.18696397941680962
0 0.8826034063260341 0.5694682675814752 0.021897810218978103 0.1798885077186964
0 0.8889902676399026 0.5698970840480274 0.02402676399026764 0.18674957118353344
0 0.8968978102189781 0.5701114922813036 0.02889294403892944 0.18589193825042882
0 0.9194038929440389 0.5641080617495712 0.024939172749391728 0.18224699828473415
0 0.9251824817518248 0.5634648370497427 0.02281021897810219 0.18074614065180103
0 0.9309610705596107 0.5647512864493996 0.023722627737226276 0.1833190394511149
0 0.9355231143552312 0.5643224699828473 0.024939172749391728 0.18524871355060035
0 0.9419099756690997 0.5630360205831904 0.023722627737226276 0.1873927958833619
0 0.9473844282238443 0.5611063464837049 0.023722627737226276 0.18567753001715265
0 0.9528588807785888 0.5608919382504288 0.023418491484184914 0.18203259005145797
0 0.9583333333333334 0.5593910806174958 0.023722627737226276 0.18567753001715265
0 0.9635036496350365 0.5587478559176673 0.024330900243309004 0.18632075471698112
0 0.968978102189781 0.5589622641509434 0.02281021897810219 0.18181818181818182
0 0.9741484184914841 0.5574614065180102 0.02402676399026764 0.18396226415094338
0 0.9805352798053528 0.5578902229845626 0.02402676399026764 0.18632075471698112
0 0.9835766423357665 0.5578902229845626 0.02037712895377129 0.18203259005145797