0 0.5457937584803256 0.13979057591623037 0.20827679782903663 0.2157068062827225
0 0.3242876526458616 0.02617801047120419 0.2727272727272727 0.05235602094240838
0 0.3736640257028535 0.17672121770282767 0.27324901059526924 0.2167862179173502
0 0.1731470997954302 0.115872409045036 0.2760732897745485 0.21902690234026842
0 0.757123473541384 0.029581151832460732 0.21438263229308005 0.059162303664921465
0 0.7333785617367707 0.028534031413612566 0.16689280868385345 0.05706806282722513
0 0.9460651289009498 0.2198952879581152 0.1078697421981004 0.2774869109947644
0 0.8574376802371855 0.23296313160036186 0.15575113512213531 0.2720495830870125
0 0.7472862957937585 0.2361256544502618 0.15671641791044777 0.2670157068062827
0 0.6784260515603799 0.2481675392670157 0.05698778833107191 0.24293193717277486
0 0.6105834464043419 0.5232984293193718 0.07869742198100407 0.1261780104712042
0 0.6099050203527816 0.6989528795811518 0.08005427408412483 0.14554973821989528
0 0.601763907734057 0.8913612565445026 0.09633649932157395 0.1450261780104712
0 0.5505639601330841 0.7182602688208383 0.18151522475521187 0.14501109459135184
0 0.5533645904218382 0.9066027984152921 0.189226705011711 0.15012585633552905
0 0.369778423834397 0.5607872043327126 0.16310212260337775 0.1293995254235345
0 0.46464915202031803 0.9208412150490991 0.17369316952567498 0.13780209200947827
0 0.37075983717774763 0.9348167539267016 0.17978290366350066 0.13036649214659685
0 0.2832013504539289 0.5833110570765412 0.13433984116835634 0.18684111696209738
0 0.06105834464043419 0.6120418848167539 0.12211668928086838 0.18848167539267016
0 0.09018564553106803 0.786946177588102 0.1282892941908318 0.1875587393141959
0 0.12143826322930801 0.937434554973822 0.12618724559023067 0.12513089005235603
0 0.04206241519674356 0.9523560209424083 0.08412483039348712 0.09528795811518324
0 0.9640434192672999 0.5599476439790576 0.07191316146540028 0.3806282722513089
0 0.9467435549525102 0.5638743455497383 0.10651289009497965 0.38848167539267014
0 0.9002713704206241 0.5680628272251309 0.13297150610583447 0.3968586387434555
0 0.8604618296130639 0.5706703523787661 0.10292026712649613 0.38614192201942843
0 0.833013218268128 0.5726766538885629 0.0982818597386112 0.38797988658298627
0 0.8086451678984731 0.5750417665744092 0.09652301901652453 0.3931056559883106
0 0.783993191989557 0.5784723051272564 0.10292026712649613 0.3861419220194285
0 0.7008141112618724 0.5931937172774869 0.10176390773405698 0.4041884816753927
0 0.6692672998643148 0.5965968586387435 0.03867028493894165 0.4036649214659686