0 0.34325637910085055 0.07465618860510806 0.21628189550425272 0.14931237721021612
0 0.3714163088537301 0.28466030900981776 0.2287493402895 0.17290581553724674
0 0.4055285540704739 0.4432711198428291 0.1488456865127582 0.09282907662082515
0 0.14125151883353584 0.08644400785854617 0.2667071688942892 0.17288801571709234
0 0.18658386937317614 0.30346486389781535 0.24060566433451047 0.1827804328931394
0 0.22114216281895505 0.4594793713163065 0.25273390036452004 0.06041257367387033
0 0.056196840826245445 0.193762278978389 0.11239368165249089 0.19793713163064833
0 0.06500607533414338 0.4025049115913556 0.13001215066828675 0.1743614931237721
0 0.8921628189550426 0.10338899803536346 0.21567436208991494 0.20677799607072692
0 0.9046172539489672 0.14292730844793713 0.12029161603888214 0.28585461689587427
0 0.8684690157958688 0.10338899803536346 0.26306196840826246 0.20579567779960709
0 0.8374848116646415 0.143664047151277 0.09295261239368165 0.287328094302554
0 0.804374240583232 0.13998035363457761 0.07411907654921021 0.27996070726915523
0 0.772782503037667 0.1392436149312377 0.07776427703523693 0.2784872298624754
0 0.7408869987849331 0.14145383104125736 0.06986634264884568 0.2829076620825147
0 0.7120291616038882 0.14538310412573674 0.08019441069258809 0.2907662082514735
0 0.6807411907654921 0.1444007858546169 0.07715674362089915 0.2888015717092338
0 0.6458080194410692 0.14489194499017682 0.08019441069258809 0.28978388998035365
0 0.5376670716889429 0.5807956777996071 0.10449574726609964 0.18222003929273084
0 0.5580194410692588 0.8521611001964636 0.0637910085054678 0.1738703339882122
0 0.5078979343863913 0.575147347740668 0.16403402187120292 0.17092337917485265
0 0.4665290320007976 0.5730853482632178 0.1935486571892417 0.14721123655404855
0 0.5127582017010935 0.8570726915520629 0.1543134872417983 0.2406679764243615
0 0.40674362089914945 0.7138998035363457 0.3663426488456865 0.28045186640471514
0 0.34342373566484535 0.7122323000695312 0.12771895378312073 0.3648801305456224
0 0.18165249088699878 0.605844793713163 0.1117861482381531 0.23231827111984282
0 0.22258327339970474 0.869058123275741 0.10949986269028068 0.261205548218828
0 0.12940461725394897 0.8691060903732809 0.11786148238153099 0.26178781925343814
0 0.09204131227217496 0.6112475442043221 0.11360874848116646 0.2431237721021611
0 0.9170716889428918 0.5699901768172888 0.16585662211421628 0.1606090373280943
0 0.93955042527339 0.5442043222003929 0.12089914945321993 0.10903732809430255
0 0.9228432563791008 0.5493614931237721 0.1543134872417983 0.1193516699410609
0 0.971142162818955 0.525049115913556 0.05164034021871203 0.07072691552062868
0 0.9462332928311057 0.5149803536345776 0.10753341433778858 0.050589390962671905
0 0.9258809234507898 0.6043713163064833 0.10085054678007291 0.2293713163064833
0 0.9085662211421628 0.5584479371316307 0.05528554070473876 0.137524557956778
0 0.8833535844471446 0.5857072691552063 0.0692588092345079 0.19204322200392926
0 0.8614823815309842 0.5957760314341847 0.08262454434993925 0.21218074656188604
0 0.8022478736330498 0.5348722986247544 0.04191980558930741 0.09037328094302555
0 0.778857837181045 0.5306974459724951 0.040097205346294046 0.08202357563850687
0 0.758809234507898 0.6355599214145383 0.10085054678007291 0.2917485265225933
0 0.741494532199271 0.5847249508840865 0.06136087484811665 0.1900785854616896
0 0.6758809234507898 0.5658153241650294 0.058930741190765495 0.15225933202357564
0 0.6534021871202916 0.5756385068762279 0.0637910085054678 0.1719056974459725
0 0.6373025516403402 0.5785854616895875 0.06318347509113001 0.17779960707269155
0 0.6142162818955043 0.5306974459724951 0.038882138517618466 0.08202357563850687
0 0.5996354799513973 0.5356090373280943 0.019441069258809233 0.09184675834970531