0 0.1269053841455341 0.27219809569603964 0.21182523241952023 0.14243216739265963
0 0.11502471263336413 0.27434049804096383 0.10928724718058205 0.22309103996517185
0 0.14967067737046533 0.2711880275816711 0.11138775354606319 0.22562444885910307
0 0.23502321199428197 0.26595699906041936 0.2863353035176115 0.14126540966253914
0 0.26761082855293794 0.26383191339867235 0.13934408670321738 0.2264419347906292
0 0.2965782680048708 0.2619987270362448 0.28529408423209285 0.14075171726376634
0 0.5056935817805382 0.24246987951807228 0.12732919254658384 0.1495983935742972
0 0.5232919254658385 0.2371987951807229 0.09213250517598344 0.14006024096385541
0 0.5357142857142857 0.23569277108433734 0.06728778467908902 0.14909638554216867
0 0.5869565217391305 0.2522590361445783 0.035196687370600416 0.08383534136546185
0 0.6169772256728778 0.2482429718875502 0.09523809523809523 0.0858433734939759
0 0.6393970042726832 0.24371569954644115 0.10804056936394871 0.11917537731456944
0 0.7102628078714593 0.23915026019033897 0.10802852416765286 0.1181713612503124
0 0.5921325051759835 0.11495983935742972 0.045548654244306416 0.12951807228915663
0 0.6356107660455487 0.11119477911646586 0.13250517598343686 0.08483935742971888
0 0.6066252587991718 0.019327309236947792 0.07453416149068323 0.038654618473895584
0 0.662008281573499 0.008283132530120483 0.16459627329192547 0.016566265060240965
0 0.8876811594202898 0.1915160642570281 0.2246376811594203 0.11997991967871485
0 0.949835213423862 0.1869916959641898 0.09330760200892409 0.185265172055868
0 0.9751552795031055 0.1834839357429719 0.049689440993788817 0.18423694779116465
0 0.75 0.048443775100401605 0.11283643892339544 0.09688755020080321
0 0.8183229813664596 0.045431726907630525 0.10041407867494824 0.09086345381526105
0 0.8788819875776398 0.043674698795180725 0.09730848861283643 0.08734939759036145
0 0.9368530020703933 0.04116465863453815 0.09523809523809523 0.0823293172690763
0 0.12681159420289856 0.6618975903614458 0.2536231884057971 0.24347389558232932
0 0.10403726708074534 0.6598895582329317 0.2080745341614907 0.38604417670682734
0 0.2163561076604555 0.6501004016064257 0.432712215320911 0.24096385542168675
0 0.25018748531097085 0.6447208001006468 0.49145550276477323 0.2424628122207945
0 0.3146997929606625 0.6403112449799196 0.5093167701863354 0.2615461847389558
0 0.35248447204968947 0.6383032128514057 0.4337474120082816 0.24849397590361447
0 0.4312776457221241 0.6369029435684067 0.14845144634253962 0.38164420728485055
0 0.40062111801242234 0.6350401606425703 0.33747412008281574 0.23393574297188754
0 0.4218426501035197 0.6322791164658634 0.2950310559006211 0.23042168674698796
0 0.6128364389233955 0.8092369477911646 0.06625258799171843 0.11094377510040161
0 0.6086956521739131 0.8099899598393574 0.055900621118012424 0.16817269076305222
0 0.6402691511387164 0.8067269076305221 0.06521739130434782 0.16440763052208834
0 0.6682194616977226 0.8009538152610441 0.13043478260869565 0.11345381526104417
0 0.6987577639751553 0.7971887550200804 0.07919254658385093 0.17243975903614459
0 0.7318840579710145 0.7926706827309237 0.13354037267080746 0.11495983935742972
0 0.806935817805383 0.7858935742971888 0.13819875776397517 0.12023092369477911
0 0.8416149068322981 0.7818775100401606 0.13043478260869565 0.11345381526104417
0 0.8742236024844721 0.7745983935742972 0.13354037267080746 0.11746987951807229
0 0.910455486542443 0.7733433734939759 0.07142857142857142 0.1646586345381526
0 0.9466873706004141 0.7700803212851406 0.06677018633540373 0.16566265060240964
0 0.9834368530020704 0.7580321285140562 0.033126293995859216 0.1051706827309237
0 0.5967908902691511 0.6255020080321285 0.052795031055900624 0.10416666666666667
0 0.6226708074534162 0.6197289156626506 0.10455486542443064 0.11822289156626506
0 0.6609730848861284 0.6209839357429718 0.07608695652173914 0.14909638554216867
0 0.7028985507246377 0.608433734939759 0.11697722567287784 0.10291164658634538
0 0.7360248447204969 0.6142068273092369 0.10610766045548654 0.09086345381526105
0 0.772256728778468 0.6036646586345381 0.049689440993788817 0.14708835341365462
0 0.8105590062111802 0.5983935742971888 0.052795031055900624 0.14984939759036145
0 0.8416149068322981 0.5983935742971888 0.04503105590062112 0.1418172690763052
0 0.8752587991718427 0.5906124497991968 0.05434782608695652 0.1576305220883534
0 0.9311594202898551 0.5876004016064257 0.06366459627329192 0.1501004016064257