0 0.045576407506702415 0.1975568660488627 0.0814343163538874 0.14342881213142375
0 0.05160857908847185 0.1939764111204718 0.09349865951742628 0.14764111204717775
0 0.05093833780160858 0.19187026116259479 0.07171581769436998 0.21903959561920808
0 0.08277479892761394 0.18091828138163438 0.12634048257372654 0.15543386689132266
0 0.09517426273458444 0.17691659646166807 0.058310991957104555 0.21524852569502947
0 0.10623324396782842 0.17312552653748947 0.07339142091152814 0.21882898062342038
0 0.21749329758713137 0.13521482729570344 0.06501340482573727 0.21440606571187867
0 0.2282171581769437 0.13479359730412804 0.1239946380697051 0.15248525695029486
0 0.24028150134048257 0.12952822240943554 0.06099195710455764 0.21609098567818028
0 0.25368632707774796 0.12552653748946924 0.06367292225201072 0.21819713563605728
0 0.26575067024128685 0.11920808761583825 0.12265415549597855 0.15037910699241785
0 0.27781501340482573 0.11436394271272114 0.12466487935656836 0.15353833192923336
0 0.2905495978552279 0.11141533277169334 0.11896782841823056 0.14616680707666385
0 0.3022788203753351 0.10994102780117944 0.07171581769436998 0.21967144060657118
0 0.3086461126005362 0.10657118786857624 0.1089142091152815 0.14406065711878685
0 0.3153485254691689 0.10446503791069923 0.09416890080428954 0.13795282224094355
0 0.33076407506702415 0.10214827295703455 0.06568364611260054 0.13352990732940184
0 0.34349865951742625 0.09604043807919124 0.03753351206434316 0.11710193765796124
0 0.564343163538874 0.37363100252737996 0.25134048257372654 0.13816343723673125
0 0.6193029490616622 0.36478517270429656 0.2680965147453083 0.14721988205560235
0 0.6829758713136729 0.3548862679022746 0.17928954423592494 0.1941870261162595
0 0.8109919571045576 0.33572030328559394 0.28451742627345844 0.15522325189553496
0 0.875 0.32813816343723673 0.1544906166219839 0.1946082561078349
0 0.9239276139410187 0.31697556866048865 0.15214477211796246 0.199452401010952
0 0.10288203753351206 0.6670176916596462 0.15214477211796246 0.21440606571187867
0 0.16219839142091153 0.6463774220724515 0.14343163538873996 0.17312552653748947
0 0.22788203753351208 0.6535383319292334 0.1042225201072386 0.18723673125526538
0 0.2617292225201072 0.6185762426284751 0.10489276139410188 0.11752316764953664
0 0.19369973190348524 0.8879528222409435 0.08914209115281502 0.2005054759898905
0 0.2540214477211796 0.8656276326874474 0.09886058981233244 0.21967144060657118
0 0.2982573726541555 0.8464616680707666 0.06668900804289545 0.2055602358887953
0 0.31199731903485256 0.863100252737995 0.09483914209115281 0.17754844144903117
0 0.4453753351206434 0.8957455770850885 0.15080428954423591 0.20850884582982307
0 0.8001388569616265 0.8290460231593502 0.17516453000846852 0.2885652018681968
0 0.849595311745647 0.8164383637464487 0.21608231347770487 0.3084017894746413
0 0.9410187667560321 0.8007582139848357 0.11796246648793565 0.3108677337826453
0 0.9721849865951743 0.790016849199663 0.05563002680965148 0.18323504633529908