0 0.33992805755395683 0.34444444444444444 0.12014388489208633 0.2111111111111111
0 0.3384892086330935 0.3460052199599972 0.10719424460431655 0.31267153284065163
0 0.26151079136690647 0.34455653530261643 0.23525179856115108 0.19118741323641897
0 0.19136690647482013 0.3456066694803405 0.23669064748201438 0.1929123107689558
0 0.11798561151079137 0.34485911754319054 0.1158273381294964 0.3063542513692053
0 0.08309352517985612 0.3425 0.16618705035971224 0.20944444444444443
0 0.04280575539568345 0.3411111111111111 0.0856115107913669 0.21666666666666667
0 0.07805755395683453 0.049166666666666664 0.15611510791366906 0.09833333333333333
0 0.1118705035971223 0.044444444444444446 0.2237410071942446 0.08888888888888889
0 0.1712230215827338 0.04527777777777778 0.24028776978417266 0.09055555555555556
0 0.239568345323741 0.07472222222222222 0.12661870503597122 0.14944444444444444
0 0.3147482014388489 0.07444444444444444 0.11726618705035971 0.14888888888888888
0 0.3737410071942446 0.07527777777777778 0.05251798561151079 0.15055555555555555
0 0.9575539568345324 0.4475 0.08453237410071943 0.15138888888888888
0 0.9787769784172662 0.44916666666666666 0.04244604316546763 0.25055555555555553
0 0.9399280575539568 0.4475 0.12014388489208633 0.14222222222222222
0 0.9064748201438849 0.4483333333333333 0.1672661870503597 0.14944444444444444
0 0.8845323741007194 0.4486111111111111 0.06330935251798561 0.25555555555555554
0 0.8658273381294964 0.44805555555555554 0.1712230215827338 0.15305555555555556
0 0.6737410071942446 0.4477777777777778 0.18273381294964028 0.1625
0 0.6564748201438849 0.44472222222222224 0.16258992805755396 0.14472222222222222
0 0.6348920863309353 0.4438888888888889 0.04136690647482014 0.25472222222222224
0 0.6115107913669064 0.4438888888888889 0.16942446043165468 0.15166666666666667
0 0.589568345323741 0.44555555555555554 0.1672661870503597 0.14888888888888888
0 0.5690647482014388 0.4452777777777778 0.16007194244604317 0.14277777777777778
0 0.5474820143884892 0.4438888888888889 0.1593525179856115 0.14222222222222222
0 0.5276978417266187 0.44083333333333335 0.0658273381294964 0.25416666666666665
0 0.5068345323741007 0.44222222222222224 0.052158273381294966 0.25277777777777777
0 0.48381294964028776 0.44166666666666665 0.04388489208633094 0.25194444444444447
0 0.42841726618705034 0.4361111111111111 0.02877697841726619 0.2536111111111111
0 0.4097122302158273 0.43805555555555553 0.019424460431654675 0.24916666666666668
0 0.39748201438848924 0.8725 0.005035971223021582 0.105
0 0.38057553956834533 0.87 0.03884892086330935 0.10333333333333333
0 0.3697841726618705 0.8686111111111111 0.060431654676258995 0.10833333333333334
0 0.3838129496402878 0.87 0.03237410071942446 0.18555555555555556
0 0.35251798561151076 0.8686111111111111 0.09496402877697842 0.11166666666666666
0 0.34136690647482015 0.8702777777777778 0.11726618705035971 0.12055555555555555
0 0.3363309352517986 0.8702777777777778 0.12733812949640289 0.10722222222222222
0 0.22913669064748202 0.870936772299513 0.03669064748201439 0.1842626648574641
0 0.20827338129496403 0.8684257580777307 0.1366906474820144 0.11108748781320982
0 0.18992805755395684 0.869627758982332 0.13884892086330936 0.11284150077868162
0 0.13597122302158274 0.8702218792899832 0.13381294964028778 0.10874880385924775
0 0.11654676258992806 0.8686024292674043 0.13597122302158274 0.1105028168247193
0 0.09460431654676259 0.8688255196739971 0.05827338129496403 0.1851361278455147
0 0.04100719424460432 0.8672119754758936 0.0460431654676259 0.18741894326339711
0 0.019064748201438848 0.8694444444444445 0.038129496402877695 0.18
0 0.38920863309352516 0.6958333333333333 0.02158273381294964 0.13166666666666665
0 0.3766187050359712 0.6952777777777778 0.025179856115107913 0.13055555555555556
0 0.32230215827338127 0.6958333333333333 0.02446043165467626 0.13166666666666665
0 0.30755395683453235 0.6958333333333333 0.025179856115107913 0.13166666666666665
0 0.289568345323741 0.6966666666666667 0.026618705035971222 0.13333333333333333
0 0.2751798561151079 0.6958333333333333 0.023741007194244605 0.13166666666666665
0 0.258273381294964 0.6958333333333333 0.027338129496402876 0.13166666666666665
0 0.20107913669064748 0.6952777777777778 0.023741007194244605 0.13055555555555556
0 0.18273381294964028 0.6938888888888889 0.02158273381294964 0.12777777777777777
0 0.1697841726618705 0.6941666666666667 0.02446043165467626 0.12833333333333333
0 0.15359712230215827 0.6930555555555555 0.025179856115107913 0.12611111111111112
0 0.13848920863309352 0.6958333333333333 0.022302158273381296 0.13166666666666665
0 0.12302158273381295 0.6944444444444444 0.02158273381294964 0.1288888888888889
0 0.10971223021582734 0.6927777777777778 0.022302158273381296 0.12555555555555556
0 0.08812949640287769 0.6941666666666667 0.03381294964028777 0.12833333333333333
0 0.06618705035971223 0.6944444444444444 0.02446043165467626 0.1288888888888889
0 0.04244604316546763 0.6944444444444444 0.04460431654676259 0.1288888888888889
0 0.7446043165467626 0.8627777777777778 0.21258992805755395 0.09416666666666666
0 0.7190647482014388 0.8627777777777778 0.06258992805755395 0.15138888888888888
0 0.6956834532374101 0.8636111111111111 0.18992805755395684 0.08416666666666667
0 0.6719424460431654 0.8619444444444444 0.20071942446043164 0.08916666666666667
0 0.6510791366906474 0.8605555555555555 0.0683453237410072 0.15194444444444444
0 0.6359712230215827 0.8633333333333333 0.18992805755395684 0.08416666666666667
0 0.6205035971223022 0.8627777777777778 0.20575539568345325 0.09111111111111111
0 0.5557553956834532 0.8611111111111112 0.19172661870503596 0.08472222222222223
0 0.5388489208633094 0.8611111111111112 0.03669064748201439 0.15083333333333335
0 0.5258992805755396 0.8636111111111111 0.19100719424460433 0.08444444444444445
0 0.5086330935251798 0.8613888888888889 0.19424460431654678 0.08583333333333333
0 0.49460431654676257 0.8622222222222222 0.18237410071942445 0.08027777777777778
0 0.4852517985611511 0.8611111111111112 0.17014388489208634 0.08055555555555556
0 0.46402877697841727 0.8630555555555556 0.06762589928057554 0.14222222222222222
0 0.41690647482014387 0.8613888888888889 0.03381294964028777 0.14277777777777778
0 0.4025179856115108 0.7361111111111112 0.005035971223021582 0.08638888888888889
0 0.489568345323741 0.7361111111111112 0.029136690647482016 0.08583333333333333
0 0.5097122302158273 0.7363888888888889 0.020863309352517987 0.08527777777777777
0 0.5258992805755396 0.7372222222222222 0.027338129496402876 0.08722222222222223
0 0.5420863309352518 0.7363888888888889 0.02158273381294964 0.08444444444444445
0 0.5586330935251799 0.7372222222222222 0.025179856115107913 0.08638888888888889
0 0.5766187050359712 0.7375 0.022661870503597123 0.08638888888888889
0 0.5920863309352518 0.7380555555555556 0.023381294964028777 0.0875
0 0.610431654676259 0.7377777777777778 0.026618705035971222 0.08722222222222223
0 0.6266187050359712 0.7377777777777778 0.026618705035971222 0.08638888888888889
0 0.6420863309352518 0.7380555555555556 0.02410071942446043 0.08666666666666667
0 0.6571942446043165 0.7380555555555556 0.022661870503597123 0.08638888888888889
0 0.6755395683453237 0.7391666666666666 0.026618705035971222 0.08888888888888889
0 0.6899280575539568 0.7377777777777778 0.019064748201438848 0.08527777777777777
0 0.7097122302158273 0.7391666666666666 0.023381294964028777 0.08805555555555555
0 0.7330935251798562 0.7391666666666666 0.03920863309352518 0.08805555555555555
0 0.8017985611510792 0.7386111111111111 0.027338129496402876 0.08583333333333333
0 0.8190647482014388 0.7386111111111111 0.020863309352517987 0.08527777777777777
0 0.8363309352517986 0.7397222222222222 0.02410071942446043 0.0875
0 0.8503597122302158 0.74 0.027338129496402876 0.08833333333333333
0 0.8694244604316547 0.7402777777777778 0.022661870503597123 0.08805555555555555
0 0.8863309352517985 0.74 0.02410071942446043 0.0875
0 0.902158273381295 0.74 0.02410071942446043 0.08666666666666667
0 0.9183453237410072 0.74 0.023381294964028777 0.08694444444444445
0 0.9345323741007194 0.7402777777777778 0.025899280575539568 0.0875
0 0.9517985611510792 0.7405555555555555 0.02158273381294964 0.08666666666666667
0 0.9669064748201439 0.7402777777777778 0.02410071942446043 0.08666666666666667
0 0.9848920863309353 0.7413888888888889 0.023381294964028777 0.08833333333333333