0 0.46284722222222224 0.20367132867132867 0.07222222222222222 0.22596153846153846
0 0.41388888888888886 0.1916520979020979 0.16701388888888888 0.17263986013986013
0 0.3423611111111111 0.17679195804195805 0.2378472222222222 0.20039335664335664
0 0.23020833333333332 0.16171328671328672 0.2309027777777778 0.194493006993007
0 0.14097222222222222 0.14750874125874125 0.225 0.18946678321678323
0 0.08229166666666667 0.13876748251748253 0.16458333333333333 0.18422202797202797
0 0.3486111111111111 0.4031905594405594 0.07291666666666667 0.1604020979020979
0 0.3267361111111111 0.40559440559440557 0.07743055555555556 0.15100524475524477
0 0.31006944444444445 0.399256993006993 0.1517361111111111 0.12762237762237763
0 0.29305555555555557 0.39750874125874125 0.04895833333333333 0.09331293706293706
0 0.2746527777777778 0.39401223776223776 0.08541666666666667 0.07102272727272728
0 0.25729166666666664 0.3909527972027972 0.140625 0.11909965034965035
0 0.23958333333333334 0.3881118881118881 0.03576388888888889 0.06359265734265734
0 0.22465277777777778 0.3861451048951049 0.1545138888888889 0.13024475524475523
0 0.20833333333333334 0.38505244755244755 0.10972222222222222 0.21437937062937062
0 0.190625 0.381993006993007 0.06180555555555556 0.13177447552447552
0 0.17118055555555556 0.3800262237762238 0.165625 0.13942307692307693
0 0.9017361111111111 0.3804632867132867 0.0920138888888889 0.11166958041958042
0 0.8795138888888889 0.37696678321678323 0.13159722222222223 0.10576923076923077
0 0.8416666666666667 0.3695367132867133 0.18194444444444444 0.12478146853146853
0 0.9579861111111111 0.20170454545454544 0.043402777777777776 0.09768356643356643
0 0.9454861111111111 0.20673076923076922 0.07326388888888889 0.14969405594405594
0 0.9107638888888889 0.20126748251748253 0.12013888888888889 0.15668706293706294
0 0.8270833333333333 0.28103146853146854 0.1607638888888889 0.11013986013986014
0 0.7111111111111111 0.2757867132867133 0.3246527777777778 0.368006993006993
0 0.5777777777777777 0.32867132867132864 0.1361111111111111 0.11975524475524475
0 0.6256944444444444 0.1638986013986014 0.1829861111111111 0.12478146853146853
0 0.5302083333333333 0.3249562937062937 0.04097222222222222 0.15166083916083917
0 0.5774305555555556 0.15799825174825174 0.13541666666666666 0.1215034965034965
0 0.40320606289603006 0.9596192142950878 0.05854047003884754 0.06769800188246203
0 0.36493055555555554 0.9560751748251748 0.14097222222222222 0.08784965034965035
0 0.2863437491459271 0.9441071788672376 0.17677766383930005 0.1068770845061505
0 0.20483309630271718 0.9331323647534829 0.15632649538185153 0.094158480618808
0 0.13452468859512454 0.9212170130343826 0.11350483460065806 0.11962612013068953
0 0.060069444444444446 0.9180506993006993 0.12013888888888889 0.11582167832167832
0 0.02326388888888889 0.9005681818181818 0.04652777777777778 0.09484265734265734
0 0.43718724951269616 0.7823683039598084 0.12717493827658377 0.21796528096985038
0 0.3386636524867704 0.8240903675933884 0.17294090551905322 0.10416566213385062
0 0.2523395804164205 0.8104082115136079 0.17892175318897094 0.1073675742931667
0 0.1773915220438279 0.8044911586697717 0.10833994340785974 0.1173161427954837
0 0.11322891617936284 0.790676179127552 0.174451306440617 0.10507540590794527
0 0.05243055555555556 0.7860576923076923 0.10486111111111111 0.12456293706293706
0 0.049652777777777775 0.6746066433566433 0.09930555555555555 0.09921328671328672
0 0.12283198670000037 0.6817714479302248 0.14883524679037008 0.09004682468539725
0 0.2084051080530045 0.6909000610708133 0.09917365462366226 0.09617684126660281
0 0.2768601423602473 0.6987256462127612 0.09923441063999974 0.09661390420366574
0 0.33684726716911567 0.7052441229497943 0.0800591185256375 0.09307362199464501
0 0.3865088593358235 0.7113741395309997 0.08800178749621368 0.0954548351297886
0 0.782138678771648 0.7015150362956674 0.26815565998567825 0.2315973274691714
0 0.6980152023238704 0.6919137423180469 0.3594754193321803 0.21651901823455394