0 0.2986148867313916 0.5233150000000001 0.3577346278317152 0.041784999999999996
0 0.29600647249190937 0.5729 0.35408414239482194 0.044215000000000004
0 0.2963559870550162 0.626465 0.34696440129449835 0.046145000000000005
0 0.29407119741100324 0.6755249999999999 0.35021359223300974 0.037855
0 0.2938381877022654 0.7265900000000001 0.34662135922330095 0.039619999999999995
0 0.2952233009708738 0.782375 0.3556504854368932 0.05809
0 0.29548867313915855 0.8436549999999999 0.3593139158576052 0.053675
0 0.2937993527508091 0.893205 0.35750161812297737 0.034275
0 0.7013915857605179 0.8843049999999999 0.35818770226537217 0.03189
0 0.7028478964401295 0.83484 0.3600711974110032 0.044515
0 0.7048478964401295 0.7810900000000001 0.36406472491909386 0.05794
0 0.7051650485436893 0.725235 0.35844012944983816 0.044164999999999996
0 0.7038252427184467 0.6782849999999999 0.3588867313915858 0.043375
0 0.702757281553398 0.630815 0.3489320388349515 0.046384999999999996
0 0.7074433656957929 0.5786100000000001 0.35517152103559874 0.050805
0 0.7081682847896439 0.52558 0.3613139158576052 0.039055