0 0.9460851648351648 0.13388123011664899 0.10782967032967034 0.057794273594909865
0 0.9402472527472527 0.20360551431601273 0.11916208791208792 0.08006362672322376
0 0.8605769230769231 0.1312301166489926 0.08379120879120878 0.0630965005302227
0 0.8138736263736264 0.12990455991516436 0.11126373626373626 0.03499469777306469
0 0.78125 0.1269883351007423 0.09718406593406594 0.03048780487804878
0 0.742445054945055 0.1288441145281018 0.059065934065934064 0.05461293743372216
0 0.6875 0.1288441145281018 0.13358516483516483 0.04188759278897137
0 0.6270604395604396 0.1261930010604454 0.07554945054945054 0.05699893955461294
0 0.6806318681318682 0.18743372216330859 0.1462912087912088 0.04586426299045599
0 0.7400412087912088 0.18716861081654296 0.11950549450549451 0.03738069989395546
0 0.7898351648351648 0.18743372216330859 0.12637362637362637 0.039766702014846236
0 0.8509615384615384 0.19300106044538706 0.14148351648351648 0.044538706256627786
0 0.8396291208791209 0.25530222693531285 0.14285714285714285 0.044538706256627786
0 0.4340659340659341 0.1420996818663839 0.2661401098901099 0.10630965005302227
0 0.44745879120879123 0.23303287380699894 0.22252747252747251 0.06972428419936373
0 0.3385989010989011 0.22799575821845175 0.07108516483516483 0.07661717921527042
0 0.27506868131868134 0.5808589607635207 0.02197802197802198 0.24231177094379638
0 0.2623626373626374 0.5779427359490986 0.07417582417582418 0.1357370095440085
0 0.2548076923076923 0.5782078472958643 0.030563186813186812 0.24072110286320256
0 0.2283653846153846 0.5742311770943797 0.027472527472527472 0.24125132555673381
0 0.21806318681318682 0.5726405090137858 0.08619505494505494 0.1474019088016967
0 0.2091346153846154 0.5721102863202545 0.08070054945054946 0.13812301166489926
0 0.11778846153846154 0.5593849416755037 0.023351648351648352 0.24125132555673381
0 0.1095467032967033 0.5615058324496288 0.08413461538461539 0.14422057264050903
0 0.09924450549450549 0.560710498409332 0.022664835164835164 0.24231177094379638
0 0.08825549450549451 0.559119830328738 0.08791208791208792 0.15005302226935313
0 0.0779532967032967 0.5559384941675504 0.08447802197802198 0.14475079533404028
0 0.06799450549450549 0.5548780487804879 0.08413461538461539 0.14422057264050903
0 0.057692307692307696 0.5548780487804879 0.0831043956043956 0.14262990455991517
0 0.04807692307692308 0.5564687168610817 0.08344780219780219 0.14316012725344646
0 0.038461538461538464 0.5535524920466596 0.029532967032967032 0.23966065747614
0 0.03571428571428571 0.5535524920466596 0.06662087912087912 0.14050901378579003
0 0.9460851648351648 0.5975609756097561 0.10782967032967034 0.09862142099681867
0 0.9402472527472527 0.7168610816542949 0.11916208791208792 0.13626723223753975
0 0.8605769230769231 0.5935843054082715 0.08379120879120878 0.10763520678685047
0 0.8138736263736264 0.5909331919406151 0.11126373626373626 0.05938494167550371
0 0.78125 0.5861611876988335 0.09718406593406594 0.051961823966065745
0 0.742445054945055 0.5893425238600212 0.059065934065934064 0.09331919406150584
0 0.6875 0.5893425238600212 0.13358516483516483 0.07131495227995759
0 0.6270604395604396 0.5845705196182397 0.07554945054945054 0.09703075291622482
0 0.6806318681318682 0.689289501590668 0.1462912087912088 0.07820784729586426
0 0.7400412087912088 0.6890243902439024 0.11950549450549451 0.06389183457051961
0 0.7898351648351648 0.689289501590668 0.12637362637362637 0.0676033934252386
0 0.8509615384615384 0.6990986214209968 0.14148351648351648 0.07582184517497349
0 0.8396291208791209 0.8051431601272534 0.14285714285714285 0.07582184517497349
0 0.4340659340659341 0.6118769883351007 0.2661401098901099 0.18133616118769882
0 0.44745879120879123 0.7672322375397667 0.22252747252747251 0.11903499469777307
0 0.3385989010989011 0.7587486744432662 0.07108516483516483 0.13043478260869565