0 0.05677083333333333 0.19488188976377951 0.10677083333333333 0.30033745781777277
0 0.115625 0.20894263217097864 0.16145833333333334 0.19853768278965128
0 0.1921875 0.21934758155230596 0.19635416666666666 0.24156355455568054
0 0.28567708333333336 0.24184476940382452 0.19817708333333334 0.2435320584926884
0 0.3494791666666667 0.25703037120359956 0.16041666666666668 0.22412823397075365
0 0.38229166666666664 0.26743532058492686 0.09479166666666666 0.23818897637795275
0 0.10807291666666667 0.4772215973003375 0.10807291666666667 0.1330146231721035
0 0.12421875 0.4876265466816648 0.08984375 0.11051743532058493
0 0.13958333333333334 0.4862204724409449 0.07265625 0.23200224971878516
0 0.15364583333333334 0.49015748031496065 0.03177083333333333 0.10911136107986502
0 0.16953125 0.4932508436445444 0.06744791666666666 0.08211473565804274
0 0.18359375 0.4957817772778403 0.057291666666666664 0.19572553430821146
0 0.19869791666666667 0.4983127109111361 0.04453125 0.05483689538807649
0 0.21067708333333332 0.5016872890888638 0.07005208333333333 0.2125984251968504
0 0.22395833333333334 0.5061867266591676 0.134375 0.16535433070866143
0 0.2390625 0.5087176602924635 0.043229166666666666 0.15579302587176602
0 0.2552083333333333 0.5132170978627671 0.06770833333333333 0.22412823397075365
0 0.5645833333333333 0.5897075365579303 0.134375 0.2795275590551181
0 0.640625 0.6212035995500562 0.21979166666666666 0.21653543307086615
0 0.7063388666672691 0.6420055568886325 0.16327528953096268 0.16575063224668712
0 0.7825520833333334 0.6439820022497188 0.19739583333333333 0.17097862767154107
0 0.8481770833333333 0.6434195725534309 0.20885416666666667 0.172103487064117
0 0.903125 0.6493250843644545 0.19375 0.16029246344206974
0 0.9440104166666666 0.6594488188976378 0.11197916666666667 0.14004499437570303
0 0.6148594475379959 0.1458507579018784 0.21625079679480497 0.22005473451442673
0 0.6830729166666667 0.16676040494938132 0.16614583333333333 0.33352080989876265
0 0.7492816967560665 0.17958401367914648 0.10895174902437788 0.2514260819495782
0 0.8184887340508994 0.19913363504603607 0.19225247402109957 0.19516712670685013
0 0.8875173608248431 0.19984840582778612 0.1441715524107541 0.3129272460601841
0 0.9270833333333334 0.22103487064116986 0.14583333333333334 0.21822272215973004
0 0.15677083333333333 0.8610798650168728 0.10572916666666667 0.26209223847019125
0 0.19973958333333333 0.858830146231721 0.25625 0.21681664791901012
0 0.23802083333333332 0.8697975253093363 0.26223958333333336 0.22215973003374578
0 0.2643229166666667 0.8726096737907761 0.27682291666666664 0.2544994375703037
0 0.30078125 0.8768278965129359 0.19244791666666666 0.1954443194600675
0 0.49114583333333334 0.9029808773903262 0.06875 0.05455568053993251
0 0.5018229166666667 0.9029808773903262 0.090625 0.05708661417322835
0 0.51484375 0.9032620922384702 0.11744791666666667 0.06271091113610798
0 0.5213541666666667 0.9043869516310461 0.13020833333333334 0.06074240719910011
0 0.5333333333333333 0.904949381327334 0.1546875 0.06580427446569179
0 0.5432291666666667 0.9069178852643419 0.17395833333333333 0.06692913385826772
0 0.5559895833333334 0.9080427446569179 0.16796875 0.05905511811023622
0 0.6721354166666667 0.9161979752530933 0.11067708333333333 0.09617547806524185
0 0.6947916666666667 0.9161979752530933 0.07630208333333334 0.09561304836895389
0 0.7138020833333333 0.9181664791901012 0.18098958333333334 0.06439820022497188
0 0.7713541666666667 0.922384701912261 0.08932291666666667 0.09617547806524185
0 0.7916666666666666 0.9229471316085489 0.1859375 0.06608548931383577
0 0.8151041666666666 0.9246344206974129 0.109375 0.09645669291338582
0 0.8721354166666667 0.9277277840269966 0.1796875 0.06439820022497188
0 0.8953125 0.9305399325084365 0.08645833333333333 0.09308211473565804
0 0.96328125 0.9339145106861643 0.0734375 0.10067491563554555
0 0.9828125 0.9350393700787402 0.034375 0.09730033745781777
0 0.4705729166666667 0.7983689538807649 0.06484375 0.0953318335208099
0 0.48125 0.7997750281214848 0.071875 0.09561304836895389
0 0.49713541666666666 0.8003374578177728 0.07239583333333334 0.0953318335208099
0 0.5151041666666667 0.7994938132733408 0.07734375 0.09673790776152981
0 0.5315104166666667 0.8003374578177728 0.07578125 0.09617547806524185
0 0.5888020833333333 0.8045556805399325 0.075 0.09645669291338582
0 0.6041666666666666 0.8062429696287964 0.07578125 0.09617547806524185
0 0.6231770833333333 0.8076490438695163 0.078125 0.09758155230596176
0 0.6385416666666667 0.8079302587176603 0.07421875 0.0970191226096738
0 0.6565104166666667 0.8090551181102362 0.07916666666666666 0.09786276715410573
0 0.7169270833333333 0.813273340832396 0.07395833333333333 0.09561304836895389
0 0.7364583333333333 0.8138357705286839 0.07083333333333333 0.09448818897637795
0 0.7505208333333333 0.8143982002249719 0.075 0.09589426321709786
0 0.7671875 0.8155230596175478 0.07447916666666667 0.09420697412823396
0 0.7825520833333334 0.8177727784026997 0.07291666666666667 0.0970191226096738
0 0.7989583333333333 0.8188976377952756 0.07083333333333333 0.09476940382452194
0 0.8135416666666667 0.8180539932508436 0.07161458333333333 0.09448818897637795
0 0.8369791666666667 0.8191788526434196 0.08671875 0.0984251968503937
0 0.8598958333333333 0.8214285714285714 0.075 0.0970191226096738
0 0.8848958333333333 0.8239595050618672 0.09557291666666666 0.09589426321709786