0 0.5363511659807956 0.3485169491525424 0.06721536351165981 0.4470338983050847
0 0.44787379972565156 0.3358050847457627 0.24417009602194786 0.4819915254237288
0 0.37551440329218105 0.3140889830508475 0.3888888888888889 0.3813559322033898
0 0.3055555555555556 0.3122351694915254 0.5288065843621399 0.4676906779661017
0 0.2726337448559671 0.3098516949152542 0.2187928669410151 0.6197033898305084
0 0.22393689986282578 0.3098516949152542 0.22976680384087791 0.6197033898305084
0 0.23285322359396435 0.2929025423728814 0.4657064471879287 0.4608050847457627
0 0.102880658436214 0.3098516949152542 0.205761316872428 0.6197033898305084
0 0.9602194787379973 0.2174258474576271 0.07956104252400549 0.1340042372881356
0 0.9643347050754458 0.0579978813559322 0.07133058984910837 0.1159957627118644
0 0.8312451113422397 0.3832421120185607 0.12941409839813087 0.16756743612799643
0 0.9074074074074074 0.041578389830508475 0.17146776406035666 0.08315677966101695
0 0.8117283950617284 0.04051906779661017 0.13511659807956103 0.08103813559322035
0 0.7424454972818876 0.36359128603612795 0.1059834389110266 0.17919957709121165
0 0.5833333333333334 0.16445974576271186 0.026748971193415638 0.18591101694915255
0 0.448559670781893 0.9782838983050848 0.24279835390946503 0.04343220338983051
0 0.401920438957476 0.949417372881356 0.11522633744855967 0.10116525423728813
0 0.3549382716049383 0.948093220338983 0.11865569272976681 0.1038135593220339
0 0.2986968449931413 0.9690148305084746 0.2558299039780521 0.06197033898305085
0 0.24108367626886146 0.9420021186440678 0.10082304526748971 0.1159957627118644
0 0.1855281207133059 0.9409427966101694 0.08710562414266118 0.11811440677966102
0 0.1289437585733882 0.9396186440677966 0.0877914951989026 0.12076271186440678
0 0.07338820301783265 0.9359110169491526 0.08367626886145405 0.1281779661016949
0 0.029835390946502057 0.934322033898305 0.059670781893004114 0.13135593220338984
0 0.5312071330589849 0.7558262711864406 0.0775034293552812 0.2722457627118644
0 0.4382716049382716 0.7526483050847458 0.09739368998628258 0.2658898305084746
0 0.39711934156378603 0.7494703389830508 0.05761316872427984 0.2595338983050847
0 0.3765432098765432 0.7473516949152542 0.05486968449931413 0.2552966101694915
0 0.3549382716049383 0.7465572033898306 0.05692729766803841 0.2537076271186441
0 0.3347050754458162 0.744968220338983 0.056241426611796985 0.2505296610169492
0 0.31550068587105623 0.7447033898305084 0.05761316872427984 0.25
0 0.2952674897119342 0.743114406779661 0.05555555555555555 0.2468220338983051
0 0.26346150534153284 0.7856202851156057 0.03412592387068464 0.16433871362888205
0 0.9687928669410151 0.9404131355932204 0.062414266117969824 0.11917372881355932
0 0.9674211248285323 0.9340572033898306 0.06515775034293553 0.131885593220339
0 0.9296982167352538 0.9375 0.06652949245541838 0.125
0 0.8881332188705505 0.9333643653496833 0.13985892480066273 0.11095018188113694
0 0.8271604938271605 0.921875 0.09190672153635117 0.15625
0 0.7592592592592593 0.9208156779661016 0.0877914951989026 0.1583686440677966
0 0.851829984253873 0.7634874715371414 0.09852594972221065 0.16564955925503577
0 0.9173502651947929 0.7735994224254457 0.06613759105814274 0.14569235856455975
0 0.9657064471879286 0.7809851694915254 0.06858710562414266 0.14883474576271186
0 0.6340877914951989 0.8448093220338984 0.12825788751714678 0.2913135593220339
0 0.6454046639231824 0.6673728813559322 0.15089163237311384 0.09533898305084745