0 0.30483870967741933 0.0518444666001994 0.6096774193548387 0.1036889332003988
0 0.30483870967741933 0.17497507477567298 0.6096774193548387 0.34995014955134596
0 0.34730200188089044 0.22568138366495694 0.4777682988685859 0.39568925051676324
0 0.33419354838709675 0.2876370887337986 0.5509677419354839 0.4785643070787637
0 0.33806451612903227 0.33374875373878365 0.5432258064516129 0.48005982053838486
0 0.3396774193548387 0.3686440677966102 0.54 0.48404785643070786
0 0.3470967741935484 0.4030408773678963 0.5251612903225806 0.48205383848454636
0 0.35161290322580646 0.43419740777667 0.5161290322580645 0.4506480558325025
0 0.8409677419354838 0.05782652043868395 0.31806451612903225 0.1156530408773679
0 0.8358064516129032 0.14082751744765704 0.32838709677419353 0.28165503489531407
0 0.8638709677419355 0.25299102691924225 0.27225806451612905 0.3285144566301097
0 0.8796774193548387 0.37686939182452645 0.24064516129032257 0.325024925224327
0 0.8835483870967742 0.49376869391824524 0.23290322580645162 0.33150548354935194
0 0.2335483870967742 0.7096211365902293 0.27741935483870966 0.10019940179461616
0 0.0635483870967742 0.806580259222333 0.1270967741935484 0.18743768693918245
0 0.25033135534795264 0.7776322671644553 0.23627347574792112 0.19568783705322487
0 0.05580645161290323 0.9075274177467597 0.11161290322580646 0.13110667996011965
0 0.05161290322580645 0.9449152542372882 0.1032258064516129 0.10518444666001994
0 0.048709677419354835 0.9613659022931207 0.09741935483870967 0.07726819541375872
0 0.06129032258064516 0.9718344965104686 0.12258064516129032 0.05633100697906281
0 0.2603225806451613 0.9783150548354935 0.2032258064516129 0.043369890329012964
0 0.24600837773354 0.9576941182174042 0.17763000651321012 0.06797927420677581
0 0.23498853787809337 0.9190447299461928 0.18230378530214605 0.07873271637736533
0 0.23931391306135155 0.8672257064831451 0.20374425050819883 0.0900456607448836
0 0.44744621937128215 0.8282004673339302 0.21342917699430794 0.09115455370265599
0 0.7054838709677419 0.7330508474576272 0.19161290322580646 0.12313060817547358
0 0.6870967741935484 0.7821535393818544 0.15483870967741936 0.21635094715852443
0 0.6974193548387096 0.8367397806580259 0.17548387096774193 0.2288135593220339
0 0.6935483870967742 0.8831006979062812 0.16774193548387098 0.20588235294117646
0 0.7029032258064516 0.9100199401794616 0.18645161290322582 0.17996011964107678
0 0.7054838709677419 0.9349451645064806 0.19161290322580646 0.13010967098703888
0 0.7103225806451613 0.96061814556331 0.20129032258064516 0.07876370887337986
0 0.9351612903225807 0.8247756729810568 0.1296774193548387 0.1251246261216351
0 0.9341935483870968 0.7799102691924227 0.13161290322580646 0.1011964107676969
0 0.93 0.7385343968095713 0.14 0.11615154536390827
0 0.9238709677419354 0.7048853439680958 0.15225806451612903 0.09072781655034895
0 0.9180645161290323 0.6874376869391825 0.1638709677419355 0.05583250249252243