0 0.21028645833333334 0.06695331695331695 0.10286458333333333 0.1339066339066339
0 0.2750651041666667 0.051392301392301394 0.248046875 0.10278460278460279
0 0.3473307291666667 0.051392301392301394 0.24674479166666666 0.10278460278460279
0 0.4072265625 0.06654381654381654 0.08658854166666667 0.13308763308763308
0 0.4182942708333333 0.04893529893529894 0.142578125 0.09787059787059788
0 0.3782552083333333 0.27211302211302213 0.22265625 0.1723996723996724
0 0.3377376314120271 0.2730160221751578 0.10439617830081123 0.23529826680906338
0 0.28346089744527797 0.2741647950680385 0.24990442157094175 0.16610699078426272
0 0.22889652940071445 0.2745124804636886 0.1084918620784056 0.2396082307653107
0 0.17439846317830895 0.2734269144260873 0.2586142271484813 0.1718962424737947
0 0.5305989583333334 0.0904995904995905 0.08203125 0.180999180999181
0 0.6103515625 0.09254709254709255 0.24153645833333334 0.1850941850941851
0 0.7102864583333334 0.10278460278460279 0.12369791666666667 0.20556920556920558
0 0.5576171875 0.3654791154791155 0.13606770833333334 0.21253071253071254
0 0.5469352762943226 0.3537782819137684 0.10736527887697618 0.27140595613218055
0 0.5947265625 0.3531941031941032 0.21028645833333334 0.17076167076167076
0 0.5948247255498414 0.3503260227945401 0.09419289852156713 0.267413419985367
0 0.6182527538609618 0.34924101383183204 0.25528324530411 0.17007910761809059
0 0.641039212194295 0.3479870813079142 0.05869566772189705 0.25810777386317213
0 0.6630325535277658 0.34984022849879004 0.06438455232206201 0.254744709969533
0 0.6843085513724119 0.35316245376645766 0.06631176712145719 0.2683298767701277
0 0.7090576063946251 0.35159629110716806 0.06474447649949155 0.26252521775004084
0 0.7272867730612916 0.3505931450880338 0.060319788477141145 0.26514093411176026
0 0.7506011411058552 0.35196513858232814 0.06359394018823394 0.26572956773896317
0 0.7747843996613192 0.3485920507238272 0.05830983334386275 0.2638049529526375
0 0.7958295935614291 0.34988468726576316 0.06126194763304493 0.2574320796183334
0 0.8219789322171954 0.35314296291162717 0.08101355134331308 0.27730807111802697
0 0.9151382040952298 0.35373484529656984 0.1469651602770862 0.27113437893114917
0 0.9775390625 0.35073710073710074 0.044921875 0.26494676494676495
0 0.036783854166666664 0.6476248976248976 0.0732421875 0.09991809991809991
0 0.045572916666666664 0.6482391482391482 0.09114583333333333 0.1036036036036036
0 0.039388020833333336 0.6490581490581491 0.0361328125 0.16932841932841933
0 0.060221354166666664 0.648034398034398 0.12044270833333333 0.10524160524160524
0 0.06998697916666667 0.6482391482391482 0.1318359375 0.10687960687960688
0 0.08561197916666667 0.6466011466011466 0.12923177083333334 0.10421785421785422
0 0.10221354166666667 0.6463963963963963 0.1318359375 0.10687960687960688
0 0.20052083333333334 0.6435298935298935 0.053385416666666664 0.16666666666666666
0 0.21875 0.6451678951678952 0.1357421875 0.11015561015561015
0 0.23567708333333334 0.6439393939393939 0.056640625 0.1683046683046683
0 0.2841796875 0.6420966420966421 0.13736979166666666 0.11117936117936118
0 0.30078125 0.642915642915643 0.057942708333333336 0.1683046683046683
0 0.3209635416666667 0.6423013923013923 0.13932291666666666 0.11322686322686323
0 0.3688151041666667 0.6423013923013923 0.037760416666666664 0.16646191646191646
0 0.388671875 0.6394348894348895 0.039388020833333336 0.16072891072891074
0 0.45703125 0.6418918918918919 0.046223958333333336 0.171990171990172
0 0.4742838541666667 0.6418918918918919 0.0263671875 0.1683046683046683
0 0.0003255208333333333 0.8253480753480753 0.0006510416666666666 0.16502866502866503
0 0.006184895833333333 0.8251433251433251 0.012369791666666666 0.16584766584766586
0 0.013346354166666666 0.8261670761670762 0.026692708333333332 0.16584766584766586
0 0.024088541666666668 0.8292383292383292 0.037760416666666664 0.1680999180999181
0 0.037434895833333336 0.829033579033579 0.036458333333333336 0.16687141687141688
0 0.0859375 0.8271908271908271 0.035807291666666664 0.1678951678951679
0 0.099609375 0.8263718263718264 0.036458333333333336 0.16687141687141688
0 0.11555989583333333 0.8255528255528255 0.038411458333333336 0.16953316953316952
0 0.12825520833333334 0.8263718263718264 0.035481770833333336 0.16891891891891891
0 0.14322916666666666 0.8261670761670762 0.039388020833333336 0.17014742014742015
0 0.1943359375 0.8245290745290745 0.03515625 0.16646191646191646
0 0.21061197916666666 0.8255528255528255 0.033203125 0.1642096642096642
0 0.22233072916666666 0.8255528255528255 0.035807291666666664 0.16646191646191646
0 0.23600260416666666 0.8255528255528255 0.036458333333333336 0.1635954135954136
0 0.25 0.8226863226863227 0.0341796875 0.16871416871416872
0 0.2639973958333333 0.8226863226863227 0.033203125 0.1648239148239148
0 0.275390625 0.8253480753480753 0.033854166666666664 0.16441441441441443
0 0.294921875 0.8253480753480753 0.045572916666666664 0.17096642096642098
0 0.314453125 0.8241195741195741 0.035807291666666664 0.16891891891891891
0 0.3362630208333333 0.8218673218673219 0.054036458333333336 0.16666666666666666
0 0.5322265625 0.9111384111384111 0.08528645833333333 0.17772317772317772
0 0.5146484375 0.8861588861588862 0.050130208333333336 0.22768222768222768
0 0.5859375 0.9101146601146601 0.19270833333333334 0.17977067977067976
0 0.57421875 0.8822686322686323 0.12890625 0.23546273546273547
0 0.6477864583333334 0.9082719082719083 0.31640625 0.18345618345618345
0 0.6819661458333334 0.883087633087633 0.08528645833333333 0.23382473382473382
0 0.7294921875 0.8814496314496314 0.10872395833333333 0.2371007371007371
0 0.7688802083333334 0.8826781326781327 0.07942708333333333 0.23464373464373464
0 0.7962239583333334 0.8814496314496314 0.07552083333333333 0.2371007371007371
0 0.8203125 0.88001638001638 0.07291666666666667 0.23996723996723995
0 0.8444010416666666 0.881040131040131 0.07942708333333333 0.23791973791973792
0 0.9410807291666666 0.877968877968878 0.10481770833333333 0.24406224406224405
0 0.9752604166666666 0.8765356265356266 0.049479166666666664 0.24692874692874692
0 0.986328125 0.8771498771498771 0.02734375 0.2457002457002457