0 0.15692934782608695 0.07397691500524659 0.2826086956521739 0.14795383001049317
0 0.22316576086956522 0.07843651626442812 0.281929347826087 0.15687303252885623
0 0.29653532608695654 0.08420776495278069 0.2873641304347826 0.16841552990556138
0 0.3532608695652174 0.0844700944386149 0.27309782608695654 0.1689401888772298
0 0.3858695652173913 0.08683105981112277 0.2078804347826087 0.17366211962224554
0 0.41847826086956524 0.08683105981112277 0.14266304347826086 0.17366211962224554
0 0.29305509529157836 0.38076515056508226 0.28202385975247346 0.23205915437226107
0 0.2331581158307333 0.3745868670983562 0.26955843767464455 0.22079507927889835
0 0.17764132305821387 0.36970418155830403 0.17184061617464955 0.30946270526092484
0 0.13043478260869565 0.36332633788037777 0.2608695652173913 0.22927597061909757
0 0.10461956521739131 0.3554564533053515 0.20923913043478262 0.23452256033578175
0 0.5974864130434783 0.17733473242392445 0.1297554347826087 0.14611752360965372
0 0.6287364130434783 0.1820566631689402 0.13688858695652173 0.15320041972717732
0 0.6844429347826086 0.1854669464847849 0.15081521739130435 0.1689401888772298
0 0.7374320652173914 0.19464847848898217 0.14911684782608695 0.16789087093389296
0 0.8040081521739131 0.1993704092339979 0.1484375 0.16684155299055614
0 0.8800951086956522 0.21432318992654775 0.16236413043478262 0.1828436516264428
0 0.9578804347826086 0.2261280167890871 0.07846467391304347 0.189401888772298
0 0.9093070652173914 0.46222455403987406 0.10326086956521739 0.2730849947534103
0 0.9408967391304348 0.4651101783840504 0.10427989130434782 0.27492130115424973
0 0.8223505434782609 0.45146904512067154 0.16508152173913043 0.18572927597061908
0 0.7805706521739131 0.4370409233997901 0.16168478260869565 0.181794333683106
0 0.7432065217391305 0.44176285414480587 0.11005434782608696 0.2709863588667366
0 0.7102581521739131 0.4323189926547744 0.1722146739130435 0.19359916054564533
0 0.6728940217391305 0.43048268625393493 0.1800271739130435 0.2027806925498426
0 0.6396059782608695 0.4213011542497377 0.08729619565217392 0.2589192025183631
0 0.6008831521739131 0.419202518363064 0.09171195652173914 0.25472193074501576
0 0.5601222826086957 0.4126442812172088 0.10054347826086957 0.270199370409234
0 0.2591711956521739 0.7515739769150053 0.20584239130434784 0.10335781741867786
0 0.27921195652173914 0.7515739769150053 0.19972826086956522 0.10335781741867786
0 0.2982336956521739 0.7502623294858342 0.19293478260869565 0.10073452256033578
0 0.31691576086956524 0.7539349422875131 0.20176630434782608 0.1080797481636936
0 0.33322010869565216 0.7541972717733473 0.19361413043478262 0.10860440713536201
0 0.3461277173913043 0.7510493179433368 0.18546195652173914 0.10230849947534103
0 0.35835597826086957 0.7694123819517313 0.09442934782608696 0.1390346274921301
0 0.4093070652173913 0.7738719832109129 0.09714673913043478 0.14795383001049317
0 0.422554347826087 0.7759706190975866 0.10869565217391304 0.1521511017838405
0 0.4171195652173913 0.7534102833158447 0.1453804347826087 0.10703043022035677
0 0.42153532608695654 0.7557712486883525 0.13654891304347827 0.11175236096537251
0 0.45108695652173914 0.772822665267576 0.07744565217391304 0.1458551941238195
0 0.43342391304347827 0.7552465897166841 0.11277173913043478 0.11070304302203568
0 0.4405570652173913 0.7526232948583421 0.09850543478260869 0.10545645330535153
0 0.3967391304347826 0.9296956977964324 0.06114130434782609 0.14060860440713535
0 0.3804347826086957 0.9294333683105981 0.05434782608695652 0.14113326337880377
0 0.36820652173913043 0.9273347324239245 0.059782608695652176 0.1453305351521511
0 0.35427989130434784 0.9283840503672612 0.05502717391304348 0.14323189926547744
0 0.3413722826086957 0.9268100734522561 0.057744565217391304 0.14637985309548793
0 0.327445652173913 0.9257607555089192 0.05570652173913043 0.1484784889821616
0 0.3155570652173913 0.9244491080797481 0.05638586956521739 0.15110178384050368
0 0.30061141304347827 0.9239244491080797 0.059103260869565216 0.1521511017838405
0 0.2877038043478261 0.9236621196222455 0.059103260869565216 0.15267576075550893
0 0.27563805159894444 0.9224904626449391 0.05703616741821588 0.1523865233504733
0 0.2637968968840755 0.9211413086499268 0.055665613705628794 0.15177620930547223
0 0.24995327287218522 0.9183466603499085 0.05982470708504288 0.15570578732714943
0 0.23737940905936994 0.9194012992640707 0.05359199604612834 0.15007374978046784
0 0.2225286213687624 0.9161462332973834 0.05708359965986864 0.15448515923714698
0 0.20357210157060016 0.9144597799798656 0.06934743471067344 0.15683003181214686
0 0.1483771956205045 0.9103426691289828 0.059729842601737325 0.1515085155538021
0 0.13450392645758125 0.9088596682581355 0.0542713438722153 0.1501165773171343
0 0.12133372124157135 0.906284521907285 0.057059883539042296 0.15343584129381016
0 0.11051751729603938 0.904608797121439 0.06049219685071666 0.15522395589214724
0 0.09529148151114883 0.9029491218380904 0.05640425183378168 0.15444233170048052
0 0.08174009917064928 0.9022316956564126 0.057059883539042296 0.15343584129381016
0 0.06886806465623667 0.9014714419380683 0.05703616741821588 0.1523865233504733
0 0.056013817232443856 0.8999241997622215 0.05636867765254213 0.15286835478547528
0 0.04349924372169452 0.8983555438180415 0.05841857919121621 0.15352149636714282
0 0.029620045528564676 0.8971348724330284 0.054998123939955026 0.15225804074047417
0 0.022758152173913044 0.8961175236096537 0.04551630434782609 0.1521511017838405
0 0.01596467391304348 0.8929695697796433 0.03192934782608696 0.155299055613851
0 0.009510869565217392 0.8919202518363064 0.019021739130434784 0.15424973767051417
0 0.5577445652173914 0.8845750262329486 0.1358695652173913 0.09942287513116474
0 0.5852581521739131 0.887722980062959 0.19089673913043478 0.09338929695697797
0 0.6698369565217391 0.8955928646379853 0.2391304347826087 0.11542497376705142
0 0.7771739130434783 0.9005771248688352 0.22860054347826086 0.11070304302203568
0 0.8617527173913043 0.9058237145855194 0.20822010869565216 0.10020986358866736
0 0.9089673913043478 0.9081846799580273 0.14605978260869565 0.09942287513116474
0 0.6501358695652174 0.7796432318992654 0.06725543478260869 0.08027282266526757
0 0.670516304347826 0.7780692549842603 0.060122282608695655 0.07371458551941239
0 0.6868206521739131 0.7809548793284365 0.08084239130434782 0.09706190975865688
0 0.703125 0.781479538300105 0.06895380434782608 0.03331584470094438
0 0.7211277173913043 0.782791185729276 0.07506793478260869 0.035939139559286466
0 0.7374320652173914 0.7838405036726128 0.06997282608695653 0.08158447009443862
0 0.7544157608695652 0.7851521511017838 0.051290760869565216 0.02465897166841553
0 0.7680027173913043 0.7856768100734522 0.1297554347826087 0.06269674711437566
0 0.7836277173913043 0.7859391395592865 0.06725543478260869 0.10309548793284365
0 0.8006114130434783 0.7869884575026233 0.04483695652173913 0.06453305351521511
0 0.8196331521739131 0.7877754459601259 0.06929347826086957 0.09233997901364113