0 0.042837078651685394 0.2696078431372549 0.05301966292134831 0.10890878090366582
0 0.10990168539325842 0.26854219948849106 0.17837078651685392 0.0814151747655584
0 0.15976123595505617 0.2679028132992327 0.10568820224719101 0.10400682011935208
0 0.24051966292134833 0.26555839727195224 0.23279494382022473 0.0814151747655584
0 0.030547752808988762 0.14556692242114236 0.0449438202247191 0.05370843989769821
0 0.08040730337078651 0.14279624893435636 0.14606741573033707 0.06777493606138107
0 0.13764044943820225 0.1432225063938619 0.0877808988764045 0.1118925831202046
0 0.20926966292134833 0.14343563512361465 0.12219101123595505 0.1148763853367434
0 0.2984550561797753 0.20737425404944587 0.21383426966292135 0.0748081841432225
0 0.4547050561797753 0.2071611253196931 0.5498595505617978 0.20119352088661552
0 0.6429073033707865 0.25895140664961636 0.17345505617977527 0.07800511508951406
0 0.6411516853932584 0.14194373401534527 0.12008426966292135 0.10720375106564364
0 0.7148876404494382 0.26278772378516624 0.02914325842696629 0.10294117647058823
0 0.6843398876404494 0.1445012787723785 0.09058988764044944 0.07352941176470588
0 0.8125 0.19863597612958228 0.16573033707865167 0.1926683716965047
0 0.8162888548021539 0.18282971764418998 0.14857583142496925 0.3078514565047711
0 0.8648174157303371 0.18329070758738278 0.27036516853932585 0.20801364023870417
0 0.9238061797752809 0.20588235294117646 0.1523876404494382 0.1679454390451833
0 0.9511938202247191 0.17327365728900257 0.0976123595505618 0.1947996589940324
0 0.047050561797752806 0.922847399829497 0.09410112359550561 0.15430520034100598
0 0.08075842696629214 0.9298806479113384 0.16151685393258428 0.1402387041773231
0 0.11551966292134831 0.9170929241261722 0.23103932584269662 0.1658141517476556
0 0.15379213483146068 0.920929241261722 0.10814606741573034 0.15814151747655583
0 0.2127808988764045 0.8917306052855924 0.1306179775280899 0.216538789428815
0 0.2633426966292135 0.9160272804774083 0.29775280898876405 0.1679454390451833
0 0.3223314606741573 0.9548167092924126 0.20224719101123595 0.09036658141517477
0 0.04459269662921348 0.6583546462063086 0.08918539325842696 0.1504688832054561
0 0.0860252808988764 0.6306479113384484 0.1720505617977528 0.1845694799658994
0 0.09901685393258428 0.6613384484228474 0.19803370786516855 0.14705882352941177
0 0.1868343069718794 0.656908895651367 0.10426652983046213 0.23151213042732036
0 0.25077907666050303 0.6417006755721001 0.0934561315344885 0.26054412861665893
0 0.30161027308481636 0.6411889807715975 0.08504551022715398 0.2607023155938983
0 0.3518209472421197 0.6427862340617667 0.0847349555159491 0.252603423863293
0 0.4392556179775281 0.9403239556692242 0.07514044943820225 0.11935208866155157
0 0.48525280898876405 0.8930093776641091 0.08848314606741572 0.21398124467178176
0 0.550561797752809 0.9394714407502132 0.08567415730337079 0.12105711849957375
0 0.47371016341466976 0.6570942246056569 0.07867507624285293 0.22260902724991644
0 0.5272286419501252 0.6809350530141087 0.07269633473835872 0.17643918638218495
0 0.5823042500239082 0.6264897137181018 0.11619014855905155 0.28638583414000696
0 0.6544943820224719 0.9360613810741688 0.08286516853932584 0.1278772378516624
0 0.6938202247191011 0.8998294970161977 0.07162921348314606 0.20034100596760443
0 0.6962780898876404 0.6796675191815856 0.06671348314606741 0.17348678601875533
0 0.7169943820224719 0.657075873827792 0.025280898876404494 0.22037510656436488
0 0.8707865168539326 0.7016197783461211 0.13342696629213482 0.33312020460358055
0 0.9273174157303371 0.7037510656436488 0.14501404494382023 0.24381926683716965
0 0.9820926966292135 0.6994884910485933 0.03581460674157303 0.31692242114237
0 0.9863061797752809 0.7048167092924126 0.027387640449438203 0.21121057118499573