0 0.19138071895424835 0.2520517676767677 0.034926470588235295 0.10179924242424243
0 0.18035130718954248 0.24936868686868688 0.056781045751633986 0.10716540404040405
0 0.15890522875816993 0.2471590909090909 0.061070261437908495 0.11379419191919192
0 0.19914215686274508 0.42597853535353536 0.012459150326797386 0.0726010101010101
0 0.18586601307189543 0.4264520202020202 0.039419934640522875 0.09359217171717171
0 0.1693218954248366 0.42124368686868685 0.05923202614379085 0.11016414141414141
0 0.1503267973856209 0.41587752525252525 0.061887254901960786 0.11600378787878787
0 0.13500816993464052 0.3218118686868687 0.0545343137254902 0.10085227272727272
0 0.08905228758169935 0.3128156565656566 0.15788398692810457 0.2949810606060606
0 0.04268790849673203 0.2233270202020202 0.056781045751633986 0.10653409090909091
0 0.03431372549019608 0.3854166666666667 0.06066176470588235 0.11316287878787878
0 0.02144607843137255 0.21243686868686867 0.0428921568627451 0.11237373737373738
0 0.017361111111111112 0.3759469696969697 0.034722222222222224 0.10827020202020202
0 0.9511846405228758 0.41019570707070707 0.08108660130718955 0.14109848484848486
0 0.9466911764705882 0.2004419191919192 0.1002859477124183 0.08128156565656566
0 0.8833741830065359 0.19444444444444445 0.17565359477124182 0.0928030303030303
0 0.7618464052287581 0.19049873737373738 0.19076797385620914 0.10085227272727272
0 0.6456290849673203 0.18418560606060605 0.16993464052287582 0.08933080808080808
0 0.5437091503267973 0.18134469696969696 0.19076797385620914 0.10037878787878787
0 0.4305555555555556 0.16714015151515152 0.1926062091503268 0.10148358585858586
0 0.30943627450980393 0.1663510101010101 0.18137254901960784 0.09769570707070707
0 0.8451797385620915 0.40325126262626265 0.29677287581699346 0.22080176767676768
0 0.7344771241830066 0.3191287878787879 0.1954656862745098 0.10337752525252525
0 0.6096813725490197 0.31470959595959597 0.1983251633986928 0.10495580808080808
0 0.5071486928104575 0.30492424242424243 0.17749183006535948 0.09343434343434344
0 0.4113562091503268 0.305239898989899 0.19362745098039216 0.1029040404040404
0 0.31719771241830064 0.2952967171717172 0.11458333333333333 0.1305239898989899
0 0.2493872549019608 0.4199810606060606 0.07883986928104575 0.13352272727272727
0 0.3347630718954248 0.4264520202020202 0.1437908496732026 0.13210227272727273
0 0.4542483660130719 0.43481691919191917 0.18321078431372548 0.09690656565656566
0 0.5520833333333334 0.43355429292929293 0.09436274509803921 0.10921717171717171
0 0.636437908496732 0.4393939393939394 0.06801470588235294 0.10590277777777778
0 0.7052696078431373 0.4476010101010101 0.08047385620915033 0.11631944444444445
0 0.17095588235294118 0.827020202020202 0.07802287581699346 0.2032828282828283
0 0.09803921568627451 0.6480429292929293 0.19607843137254902 0.0763888888888889
0 0.0900735294117647 0.8140782828282829 0.1801470588235294 0.19886363636363635
0 0.9620098039215687 0.7556818181818182 0.06842320261437909 0.05823863636363636
0 0.9238153594771242 0.8191287878787878 0.13929738562091504 0.05129419191919192
0 0.8643790849673203 0.8874684343434344 0.16809640522875818 0.05381944444444445
0 0.8259803921568627 0.8172348484848485 0.1582924836601307 0.05097853535353535
0 0.7765522875816994 0.8847853535353535 0.16339869281045752 0.052241161616161616
0 0.7036356209150327 0.7452651515151515 0.14522058823529413 0.04655934343434343
0 0.6913807189542484 0.8817866161616161 0.16237745098039216 0.052083333333333336
0 0.6004901960784313 0.881155303030303 0.17136437908496732 0.054924242424242424
0 0.6182598039215687 0.7454229797979798 0.15931372549019607 0.05129419191919192
0 0.3723447712418301 0.7327967171717171 0.19730392156862744 0.06328914141414141
0 0.3858251633986928 0.8009785353535354 0.17340686274509803 0.05555555555555555
0 0.3678513071895425 0.8652146464646465 0.16299019607843138 0.052398989898989896
0 0.2792075163398693 0.8667929292929293 0.13827614379084968 0.05082070707070707
0 0.2757352941176471 0.7280618686868687 0.11764705882352941 0.04876893939393939