0 0.2887537993920973 0.07009724473257699 0.34523809523809523 0.14019448946515398
0 0.13829787234042554 0.09967585089141005 0.25430597771023306 0.07252836304700162
0 0.42806484295846 0.08103727714748785 0.2127659574468085 0.04923014586709887
0 0.14108409321175278 0.14910858995137763 0.21225937183383992 0.12844408427876824
0 0.43110435663627156 0.1393841166936791 0.1778115501519757 0.10757698541329011
0 0.13956433637284701 0.1869935170178282 0.27887537993920974 0.04294975688816856
0 0.12639311043566362 0.22589141004862237 0.15678824721377912 0.09481361426256078
0 0.4265450861195542 0.20401134521880065 0.18009118541033434 0.10899513776337115
0 0.267983789260385 0.25729335494327393 0.5164640324214792 0.06989465153970827
0 0.2608915906788247 0.2917341977309562 0.25785207700101315 0.1561993517017828
0 0.13196555217831812 0.373581847649919 0.26367781155015196 0.07090761750405186
0 0.4138804457953394 0.3563614262560778 0.27988855116514694 0.05632090761750405
0 0.4095744680851064 0.40437601296596437 0.2877406281661601 0.06564019448946515
0 0.1160081053698075 0.41936790923824957 0.21605876393110435 0.13067260940032416
0 0.11904761904761904 0.5012155591572123 0.13956433637284701 0.08448136142625608
0 0.11322188449848024 0.539708265802269 0.15172239108409322 0.09177471636952998
0 0.1099290780141844 0.5838735818476499 0.20896656534954408 0.06523500810372772
0 0.6431104356636271 0.2242706645056726 0.04711246200607903 0.0733387358184765
0 0.8300852748114365 0.03483280634295718 0.2590659362432308 0.06446647471460382
0 0.826660996133335 0.07895562230004174 0.15753540323315962 0.1256924022089443
0 0.8401192254115787 0.1150810079564001 0.16734490598912624 0.13349575821177379
0 0.835267377949353 0.15565631331453908 0.25634863206882447 0.057059786202539764
0 0.8191938734770926 0.19766532607249868 0.15691365733310259 0.12444850965953444
0 0.6593211752786221 0.3997163695299838 0.0795339412360689 0.057941653160453806
0 0.7964858203160892 0.36821194218079106 0.2139338722244122 0.06677870604567517
0 0.8293132420253536 0.40466464458762547 0.26142204590076146 0.052104030502125954
0 0.8082814840082447 0.44050234248795883 0.2430163013799385 0.05994146208484335
0 0.806089360576881 0.47427873891263994 0.16018349158509124 0.12704962832714428
0 0.8018938669259499 0.510585420524437 0.17057635347875222 0.13569169049364613
0 0.8021783181357649 0.5520664505672609 0.17274569402228976 0.13573743922204215
0 0.8049645390070922 0.5899513776337115 0.24721377912867273 0.059967585089141004
0 0.6474164133738601 0.553484602917342 0.05572441742654509 0.051053484602917344
0 0.2303869467814763 0.8069407378908727 0.19560669598163727 0.1552284138929174
0 0.22704292135367227 0.8661730431365187 0.301274245122434 0.08980043668524301
0 0.21811511762983712 0.9178583812627537 0.21387221410418855 0.055490154029421965
0 0.21048632218844984 0.9554294975688817 0.16767983789260385 0.08914100486223663
0 0.21225937183383992 0.9793354943273906 0.17325227963525835 0.041329011345218804
0 0.5909321175278622 0.7860615883306321 0.057244174265450865 0.15153970826580226
0 0.559017223910841 0.8401539708265803 0.12107396149949341 0.0773905996758509
0 0.5891590678824722 0.8918152350081038 0.060790273556231005 0.13047001620745544
0 0.5671225937183384 0.946515397082658 0.10486322188449848 0.08346839546191248
0 0.5587639311043566 0.9807536466774717 0.12158054711246201 0.038492706645056725
0 0.8497973657548126 0.7113047001620746 0.30040526849037485 0.0619935170178282
0 0.8475177304964538 0.7532414910858996 0.3049645390070922 0.060777957860615885
0 0.8457446808510638 0.7988249594813615 0.30851063829787234 0.07090761750405186
0 0.8404255319148937 0.8770259319286872 0.3191489361702128 0.06685575364667747
0 0.8404255319148937 0.9074149108589952 0.3191489361702128 0.03768233387358185
0 0.8409321175278622 0.9226094003241491 0.3181357649442756 0.03565640194489465
0 0.8401722391084093 0.9384116693679092 0.31965552178318135 0.03727714748784441
0 0.8404255319148937 0.9532009724473258 0.3191489361702128 0.03687196110210697
0 0.8391590678824722 0.9677876823338736 0.32168186423505574 0.03687196110210697
0 0.8391590678824722 0.9823743922204214 0.32168186423505574 0.03525121555915721
0 0.7710233029381965 0.9969611021069692 0.1955420466058764 0.006077795786061589