0 0.21138888888888888 0.044583333333333336 0.42277777777777775 0.08916666666666667
0 0.075 0.088125 0.1475 0.1075
0 0.3136111111111111 0.07145833333333333 0.1313888888888889 0.09229166666666666
0 0.09166666666666666 0.13458333333333333 0.17444444444444446 0.123125
0 0.33444444444444443 0.12645833333333334 0.2025 0.09833333333333333
0 0.11166666666666666 0.17041666666666666 0.21416666666666667 0.06854166666666667
0 0.10138888888888889 0.2075 0.14444444444444443 0.10083333333333333
0 0.35 0.18770833333333334 0.16444444444444445 0.11541666666666667
0 0.23166666666666666 0.23770833333333333 0.28194444444444444 0.19791666666666666
0 0.2361111111111111 0.2704166666666667 0.22805555555555557 0.159375
0 0.13972222222222222 0.34625 0.16833333333333333 0.1175
0 0.38666666666666666 0.33208333333333334 0.2386111111111111 0.06875
0 0.3972222222222222 0.3777083333333333 0.17722222222222223 0.124375
0 0.15444444444444444 0.3904166666666667 0.2536111111111111 0.080625
0 0.17972222222222223 0.468125 0.15472222222222223 0.058958333333333335
0 0.18638888888888888 0.5045833333333334 0.1375 0.09645833333333333
0 0.1986111111111111 0.5416666666666666 0.17722222222222223 0.05583333333333333
0 0.5527777777777778 0.104375 0.08555555555555555 0.10541666666666667
0 0.7658333333333334 0.010416666666666666 0.3894444444444444 0.020833333333333332
0 0.7438888888888889 0.021458333333333333 0.3333333333333333 0.042916666666666665
0 0.74 0.06041666666666667 0.21888888888888888 0.12083333333333333
0 0.782972704997099 0.06934312313508097 0.3755832749743705 0.0888081428915954
0 0.7493237307990498 0.10240970210721684 0.2906862560619013 0.07053606295182968
0 0.7676457592013585 0.1654172768323687 0.3016685246873087 0.08474715627763374
0 0.7946299247533832 0.20362907541043304 0.3387355785204939 0.08137311695283757
0 0.8013942684209387 0.2338838901431141 0.33858041013145695 0.07637311695283756
0 0.8050901258338524 0.2635885638253433 0.32856747943237047 0.07551962503014598
0 0.5711111111111111 0.33958333333333335 0.12222222222222222 0.08
0 0.8004020883799883 0.3359935462864371 0.2895234221544446 0.06882086014560476
0 0.7753060371471611 0.36756128034014995 0.22935532306632114 0.06078324194278897
0 0.8330555555555555 0.4008333333333333 0.3338888888888889 0.0975
0 0.5755555555555556 0.47375 0.13111111111111112 0.08916666666666667
0 0.5438888888888889 0.5222916666666667 0.06777777777777778 0.08458333333333333
0 0.7962130441038526 0.46917119190641643 0.22594440553846906 0.0581376335241138
0 0.8308971709865564 0.4962765441629451 0.28670685227940745 0.0674495197967091
0 0.8248837368763342 0.5259731932907056 0.2609831976357284 0.060916521920200924
0 0.07472222222222222 0.5864583333333333 0.14944444444444444 0.03375
0 0.14888888888888888 0.6416666666666667 0.29777777777777775 0.14416666666666667
0 0.18305555555555555 0.6725 0.35388888888888886 0.20583333333333334
0 0.1213888888888889 0.6954166666666667 0.2427777777777778 0.19333333333333333
0 0.15527777777777776 0.7304166666666667 0.31055555555555553 0.24166666666666667
0 0.16193460847430932 0.7681432145256254 0.28594858608491386 0.22179017243225074
0 0.12777777777777777 0.8091666666666667 0.25555555555555554 0.08333333333333333
0 0.6372222222222222 0.7852083333333333 0.2544444444444444 0.08791666666666667
0 0.6219950814232968 0.8272942208961015 0.20748455224523468 0.16052451213605992
0 0.6336952361005808 0.8735765135203493 0.20921587240733344 0.16268064967873064
0 0.6379339506225438 0.9118349879041346 0.20464212097202486 0.15831983845383094
0 0.6583333333333333 0.949375 0.2966666666666667 0.10125
0 0.6611111111111111 0.97125 0.3022222222222222 0.0575
0 0.6613888888888889 0.9735416666666666 0.2238888888888889 0.05291666666666667
0 0.9336111111111111 0.909375 0.13277777777777777 0.17958333333333334
0 0.9377777777777778 0.8716666666666667 0.12444444444444444 0.15416666666666667
0 0.9055555555555556 0.836875 0.18888888888888888 0.08375
0 0.9272222222222222 0.8016666666666666 0.14555555555555555 0.16416666666666666
0 0.8941666666666667 0.7666666666666667 0.21166666666666667 0.10166666666666667