0 0.4972142857142857 0.07333333333333333 0.8595178571428571 0.08150922909880563
0 0.2660892857142857 0.16359391965255157 0.3734642857142857 0.06419109663409338
0 0.7160178571428572 0.1585016286644951 0.3209464285714286 0.056427795874049946
0 0.27819642857142857 0.2416069489685125 0.44925000000000004 0.06819761129207383
0 0.7300714285714285 0.24970684039087948 0.32917857142857143 0.10371335504885994
0 0.27035714285714285 0.29981541802388706 0.447375 0.03977198697068404
0 0.266875 0.35994571118349616 0.3194821428571428 0.06118349619978285
0 0.7324999999999999 0.35079261672095546 0.3776785714285714 0.0790770901194354
0 0.4926964285714286 0.42134636264929426 0.792375 0.04522258414766558
0 0.4865 0.4742128121606949 0.5904821428571428 0.05049945711183496
0 0.2718035714285714 0.5899239956568947 0.44441071428571427 0.060293159609120524
0 0.7355 0.5885450597176981 0.4233928571428571 0.059934853420195444
0 0.7357678571428571 0.6631921824104234 0.4332321428571429 0.06581976112920739
0 0.27905357142857146 0.662442996742671 0.4549107142857143 0.060553745928338766
0 0.2965892857142857 0.7906514657980457 0.2638214285714286 0.056384364820846904
0 0.2930714285714286 0.8503800217155266 0.3066964285714286 0.05578718783930511
0 0.2960892857142857 0.9246254071661238 0.304625 0.07861020629750272