0 0.08566878980891719 0.09180651530108588 0.17133757961783438 0.08588351431391905
0 0.06560509554140127 0.13277393879565647 0.13121019108280255 0.12734452122408688
0 0.32993630573248406 0.03652517275419546 0.20127388535031848 0.07305034550839092
0 0.32452229299363056 0.03899308983218164 0.2464968152866242 0.07798617966436328
0 0.3343949044585987 0.07502467917077986 0.2 0.15004935834155972
0 0.3266655644647595 0.11274170888535426 0.19256542214510308 0.14932927757229775
0 0.30681732232403025 0.15104218333200745 0.18088023670097117 0.1384753105204766
0 0.06528662420382166 0.27295162882527146 0.1305732484076433 0.0769990128331688
0 0.06719745222929936 0.30651530108588354 0.13439490445859872 0.14215202369200394
0 0.04203821656050955 0.3390918065153011 0.0840764331210191 0.12240868706811452
0 0.268870233594554 0.3145113793247684 0.17003607963829034 0.13011800850689337
0 0.2985155659949275 0.3560276784036088 0.18782110343018021 0.14567295794135515
0 0.2746131077338351 0.3878228905210838 0.25363981500683047 0.09750255834693174
0 0.2693044384761356 0.42026516203805064 0.18096187098348784 0.139462477351671
0 0.26197055556167037 0.4552759684938847 0.18909498878049869 0.1457304538618585
0 0.25900936010514797 0.4967776632987711 0.19519482712825653 0.150431436244499
0 0.25776297276029847 0.5396882384498198 0.19993914584317954 0.1540877558754419
0 0.05286624203821656 0.4545903257650543 0.10573248407643313 0.14313919052319843
0 0.03662420382165605 0.49136229022704836 0.0732484076433121 0.1357354392892399
0 0.06592356687898089 0.5338104639684107 0.13184713375796178 0.10118460019743336
0 0.03980891719745223 0.5695952615992103 0.07961783439490445 0.14313919052319843
0 0.04490445859872611 0.6001974333662389 0.08980891719745222 0.07107601184600197
0 0.02929936305732484 0.6312931885488647 0.05859872611464968 0.1372161895360316
0 0.05159235668789809 0.6668311944718658 0.10318471337579618 0.06614017769002961
0 0.2035031847133758 0.6804047384007897 0.17643312101910827 0.03899308983218164
0 0.22993630573248408 0.6596742349457059 0.19872611464968154 0.08045409674234946
0 0.19713375796178345 0.6606614017769002 0.19936305732484078 0.07847976307996052
0 0.1849207838142755 0.6252165804704258 0.12877436511933593 0.09924296141130165
0 0.46305732484076434 0.6549851924975321 0.1337579617834395 0.06416584402764067
0 0.47197452229299364 0.6636229022704837 0.1159235668789809 0.07255676209279369
0 0.47611464968152867 0.6737413622902271 0.10764331210191083 0.05231984205330701
0 0.8121019108280255 0.05873642645607108 0.37579617834394907 0.11747285291214216
0 0.8038216560509555 0.08933859822309971 0.2611464968152866 0.17867719644619942
0 0.8051650878369587 0.10390115133384348 0.2596228268291829 0.2005465003657471
0 0.7822958890642903 0.12499807613522274 0.23518265629689233 0.1812489874195876
0 0.7175583435521617 0.21189461060727258 0.17486203263572977 0.1347614949690305
0 0.7182232724116135 0.23539731876864475 0.1796063513506527 0.13841781459997318
0 0.7099301866775778 0.2588089149579437 0.17350651300289463 0.13371683221733244
0 0.7748892973936858 0.29055682792520765 0.3763893748049088 0.13156376093914635
0 0.7321116071260477 0.3105706058320012 0.2209497001521237 0.17028002852675936
0 0.7225446360416934 0.33403969794180366 0.2787995388544439 0.07946021946921164
0 0.7207761798317963 0.3551751068860707 0.2148498618043658 0.16557904614411884
0 0.731280968807445 0.3817016795528477 0.30228478355281896 0.07953672716733085
0 0.735130611042693 0.4050606479129611 0.2290828179491345 0.17654800503694684
0 0.751337945195188 0.48508352525153486 0.3463352661893721 0.2669113330588162
0 0.7630573248407644 0.5950148075024679 0.37707006369426754 0.20977295162882528
0 0.3019108280254777 0.78035538005923 0.45605095541401275 0.16090819348469892
0 0.3490445859872611 0.8289733464955578 0.36178343949044584 0.2581441263573544
0 0.34617834394904456 0.8423000987166831 0.36751592356687895 0.28479763079960513
0 0.29904458598726114 0.8484698914116485 0.46178343949044587 0.16189536031589338
0 0.34617834394904456 0.8568608094768015 0.36751592356687895 0.28627838104639686
0 0.34585987261146495 0.8729022704837117 0.3681528662420382 0.2541954590325765
0 0.3410828025477707 0.8832675222112537 0.3777070063694268 0.23346495557749258
0 0.2907643312101911 0.9304047384007897 0.478343949044586 0.13919052319842054
0 0.34203821656050953 0.9118953603158934 0.37579617834394907 0.17620927936821323
0 0.32452229299363056 0.9148568608094768 0.410828025477707 0.1702862783810464
0 0.3254777070063694 0.9304047384007897 0.4089171974522293 0.13919052319842054
0 0.3289808917197452 0.9471865745310958 0.39681528662420384 0.10562685093780849
0 0.8751592356687898 0.7690029615004936 0.24968152866242038 0.13820335636722605
0 0.902547770700637 0.8203356367226061 0.19490445859872613 0.24086870681145114
0 0.8939490445859872 0.8825271470878578 0.21210191082802549 0.2349457058242843
0 0.8837579617834395 0.9523692003948667 0.23248407643312102 0.09526159921026653