0 0.4762228204433363 0.28648568476722064 0.09767563240599199 0.1791196113869369
0 0.44016952201895526 0.2603106236686975 0.13714101404690382 0.2299183301456893
0 0.3862810604586918 0.2800261748565311 0.15451413610449036 0.13212084098771604
0 0.5085301837270341 0.0735613463626493 0.16272965879265092 0.14169381107491857
0 0.4688320209973753 0.07709011943539631 0.1463254593175853 0.15418023887079263
0 0.4206036745406824 0.07627578718783931 0.13123359580052493 0.15255157437567862
0 0.3779527559055118 0.06026058631921824 0.1942257217847769 0.12052117263843648
0 0.33136482939632544 0.05836047774158523 0.19816272965879264 0.11672095548317046
0 0.2785433070866142 0.05537459283387622 0.21194225721784776 0.11074918566775244
0 0.22440944881889763 0.046416938110749185 0.1994750656167979 0.09283387622149837
0 0.2447429038948319 0.23454505602426592 0.14318314808541321 0.221132387066895
0 0.18897671835285365 0.2443058073042669 0.1347122782097848 0.19838650100079988
0 0.14076903155952644 0.21867914021790064 0.13901783343952642 0.22842261236863087
0 0.09547244094488189 0.21661237785016288 0.19094488188976377 0.16938110749185667
0 0.056758530183727035 0.21634093376764388 0.11351706036745407 0.20575461454940283
0 0.04921259842519685 0.20819761129207384 0.0984251968503937 0.15363735070575463
0 0.03051181102362205 0.19028230184581976 0.0610236220472441 0.16232356134636264
0 0.03083989501312336 0.031487513572204126 0.06167979002624672 0.06297502714440825
0 0.04363517060367454 0.04505971769815418 0.08727034120734908 0.09011943539630836
0 0.05150918635170604 0.0496742671009772 0.10301837270341208 0.0993485342019544
0 0.09186351706036745 0.0491313789359392 0.14173228346456693 0.0982627578718784
0 0.9442257217847769 0.11400651465798045 0.1115485564304462 0.2280130293159609
0 0.6758530183727034 0.10287730727470142 0.17191601049868765 0.20575461454940283
0 0.6814304461942258 0.08713355048859935 0.1830708661417323 0.1742671009771987
0 0.6256561679790026 0.06894679695982628 0.07152230971128609 0.13789359391965256
0 0.40320204328941217 0.7634963318470914 0.18198331585639985 0.15560899049664342
0 0.3362872855994498 0.7565715532224967 0.2053321186455228 0.17557391757923163
0 0.2754380353786392 0.7462398917496835 0.1970913647199501 0.16852747272655352
0 0.22161607575393416 0.7378859135063472 0.1970913647199501 0.16852747272655352
0 0.15872191780912792 0.7263299783389947 0.1670496874478686 0.22707085300386545
0 0.36089238845144356 0.9606406080347448 0.12992125984251968 0.07871878393051031
0 0.3405511811023622 0.9625407166123778 0.1089238845144357 0.0749185667752443
0 0.3156167979002625 0.9527687296416938 0.06299212598425197 0.09446254071661238
0 0.4438976377952756 0.5608034744842563 0.15813648293963253 0.16178067318132464
0 0.3838582677165354 0.5396308360477742 0.20341207349081364 0.11943539630836048
0 0.32020997375328086 0.5333876221498371 0.20866141732283464 0.10694896851248643
0 0.2545931758530184 0.5466883821932682 0.16666666666666666 0.13355048859934854
0 0.1994750656167979 0.5363735070575462 0.14304461942257218 0.11292073832790445
0 0.1437007874015748 0.5233441910966341 0.2204724409448819 0.08686210640608034
0 0.09809711286089239 0.5214440825190011 0.19619422572178477 0.08306188925081433
0 0.06758530183727034 0.5154723127035831 0.13517060367454067 0.07111834961997829
0 0.9173228346456693 0.7896308360477742 0.16535433070866143 0.38165038002171553
0 0.8720472440944882 0.7785016286644951 0.2559055118110236 0.26601520086862107
0 0.8559711286089239 0.7763300760043431 0.28805774278215224 0.26275787187839306
0 0.7660135236778873 0.764315453153142 0.21241344144423668 0.382646987614952
0 0.7319682879676465 0.7562606722243642 0.20194531529498996 0.38248082661702737
0 0.7253937007874016 0.751357220412595 0.270997375328084 0.2920738327904452
0 0.6735564304461942 0.7342562432138979 0.1673228346456693 0.28067318132464714
0 0.6532152230971129 0.7328990228013029 0.12664041994750655 0.28121606948968514
0 0.8927165354330708 0.5181867535287731 0.16338582677165353 0.07654723127035831