0 0.014935064935064935 0.18341307814992025 0.02987012987012987 0.13078149920255183
0 0.013636363636363636 0.36064593301435405 0.02727272727272727 0.06499202551834131
0 0.04350649350649351 0.36463317384370014 0.08701298701298701 0.09928229665071771
0 0.12030954116389488 0.36611658389969126 0.15335215811844155 0.09069359659846515
0 0.20096208144281125 0.3690697406032572 0.14022386245367807 0.08289740699059761
0 0.2715830760188517 0.3694058540147887 0.1416890128738744 0.08451550669413703
0 0.32954545454545453 0.3791866028708134 0.10064935064935066 0.08373205741626795
0 0.06753246753246753 0.18759968102073366 0.13506493506493505 0.2372408293460925
0 0.13518567150000352 0.2561969548551698 0.11903624410023389 0.09724413905265974
0 0.2215159185015807 0.2574508000538926 0.10036280378344481 0.1108398296924548
0 0.29306496646771574 0.26356261182502566 0.0934531744862009 0.10673657200410355
0 0.3457792207792208 0.26136363636363635 0.06818181818181818 0.11443381180223286
0 0.36493506493506495 0.15689792663476873 0.02987012987012987 0.1120414673046252
0 0.32536953363535753 0.15233292705385346 0.10409245855805369 0.10931454347611956
0 0.25769964603989653 0.15533956160366402 0.12778652971863896 0.07551154315156518
0 0.1991250278389022 0.15199194757948029 0.10709925410728091 0.06360049416944577
0 0.15105663395032495 0.14645928532326483 0.1291684555780878 0.07633219468923542
0 0.4594155844155844 0.37799043062200954 0.1590909090909091 0.14354066985645933
0 0.4992032755116436 0.2012774465832985 0.21765332286318384 0.12925261718306716
0 0.5542207792207792 0.37420255183413076 0.17987012987012987 0.1511164274322169
0 0.6108456146160239 0.20507505749686059 0.23907317368464015 0.1419727160169564
0 0.7189581374293494 0.20933520176581014 0.22249006337125468 0.13212489756491316
0 0.8339764269251619 0.2080791515272865 0.2301322678785966 0.13703720510503417
0 0.19220779220779222 0.7161084529505582 0.26396103896103895 0.22328548644338117
0 0.27175324675324675 0.7280701754385965 0.21623376623376622 0.21610845295055822
0 0.3168831168831169 0.7294657097288676 0.12597402597402596 0.18221690590111642
0 0.7720905274060035 0.8741455986883928 0.2584201357169231 0.15346183754434023
0 0.836392687528347 0.8793882187970952 0.2674026538033402 0.15879607253919673
0 0.8905844155844156 0.8829744816586922 0.21883116883116882 0.14792663476874005
0 0.9457792207792208 0.8881578947368421 0.10844155844155844 0.2236842105263158
0 0.9522727272727273 0.8919457735247209 0.09545454545454546 0.15550239234449761
0 0.9613636363636363 0.636762360446571 0.07727272727272727 0.22886762360446572
0 0.9314935064935065 0.6339712918660287 0.137012987012987 0.22248803827751196
0 0.8676652895006076 0.6273646593875623 0.14412371006889105 0.22584212410381344
0 0.798900899393557 0.6230006992460327 0.14583853417132991 0.22985256830496043