0 0.0931899641577061 0.1238145416227608 0.08333333333333333 0.10563751317175975
0 0.17204301075268819 0.130927291886196 0.1965352449223417 0.0958904109589041
0 0.2915173237753883 0.1464699683877766 0.1911589008363202 0.12723919915700738
0 0.40890083632019114 0.15753424657534246 0.20997610513739545 0.10273972602739725
0 0.5092592592592593 0.16886195995785036 0.21385902031063322 0.10484720758693361
0 0.6254480286738351 0.172550052687039 0.22102747909199522 0.1077449947312961
0 0.7075866188769414 0.19151738672286617 0.08422939068100359 0.1327713382507903
0 0.14097968936678615 0.33192834562697576 0.21953405017921146 0.2713382507903056
0 0.27060931899641577 0.27634351949420444 0.240442054958184 0.11775553213909379
0 0.3942652329749104 0.291622760800843 0.23416965352449223 0.11433087460484721
0 0.49850657108721624 0.2982086406743941 0.2037037037037037 0.09984193888303478
0 0.5919952210274791 0.31348788198103267 0.21594982078853048 0.10563751317175975
0 0.6672640382317802 0.3184931506849315 0.16487455197132617 0.10063224446786091
0 0.7022102747909199 0.4541622760800843 0.09498207885304659 0.13119072708113805
0 0.6200716845878136 0.44625922023182296 0.22520908004778972 0.11064278187565858
0 0.4994026284348865 0.43598524762908325 0.2007168458781362 0.0987881981032666
0 0.4050179211469534 0.4204425711275026 0.1424731182795699 0.11643835616438356
0 0.3204898446833931 0.4130663856691254 0.16606929510155316 0.08140147523709168
0 0.24970131421744324 0.4101685985247629 0.1905615292712067 0.09325605900948367
0 0.7867383512544803 0.16649104320337196 0.04091995221027479 0.10010537407797682
0 0.7789725209080047 0.2802950474183351 0.03345280764635603 0.1267123287671233
0 0.8109318996415771 0.17123287671232876 0.0630227001194743 0.0845626975763962
0 0.8279569892473119 0.17465753424657535 0.033154121863799284 0.08956796628029505
0 0.8402031063321386 0.17386722866174922 0.0456989247311828 0.06138040042149631
0 0.8539426523297491 0.18124341412012646 0.052568697729988054 0.07007376185458378
0 0.8736559139784946 0.18782929399367757 0.05973715651135006 0.0798208640674394
0 0.8954599761051374 0.19072708113804004 0.04121863799283154 0.09773445732349842
0 0.8652927120669056 0.28371970495258164 0.047192353643966546 0.10326659641728135
0 0.8440860215053764 0.27581664910432035 0.052270011947431305 0.07007376185458378
0 0.8261648745519713 0.2705479452054795 0.0540621266427718 0.07244467860906217
0 0.8031660692951016 0.2721285563751317 0.05943847072879331 0.0798208640674394
0 0.7977897252090801 0.37407797681770283 0.057646356033452806 0.0827186512118019
0 0.9501194743130227 0.2405163329820864 0.09976105137395459 0.1743940990516333
0 0.9405615292712067 0.3848788198103267 0.08124253285543608 0.14199157007376184
0 0.9722222222222222 0.3904109589041096 0.055256869772998804 0.10353003161222339
0 0.9895459976105138 0.4059536354056902 0.02090800477897252 0.13250790305584825
0 0.025089605734767026 0.6833508956796628 0.05017921146953405 0.15384615384615385
0 0.032855436081242535 0.6954689146469969 0.06571087216248507 0.1917808219178082
0 0.07019115890083633 0.6983667017913593 0.14038231780167265 0.15015806111696522
0 0.10052815687669188 0.7030233189960893 0.177687009165877 0.1482616944403468
0 0.14840319271205948 0.7094307239433554 0.17122566337802697 0.14287036009706133
0 0.1908775029545699 0.7156850610956793 0.10038206501677768 0.19558060361067814
0 0.278599606108889 0.7355270002031492 0.13274977237075494 0.2167539640828242
0 0.32767549277501135 0.7387425251999996 0.18091768205980216 0.1509573616119894
0 0.37129578313407724 0.7444454658735506 0.17062829181291347 0.14285809705261684
0 0.4194938862588374 0.7511101744935366 0.174456336271952 0.14556602726870393
0 0.47510426323331706 0.7602620785296097 0.1789305153097756 0.14881309091911982
0 0.525539455876989 0.7684644776636922 0.16799499048410196 0.1401746929254187
0 0.573268202671342 0.773291271441306 0.1117321247539342 0.19581360145512258
0 0.6308842666785318 0.7232804037548056 0.08399749524205086 0.07008734646270924
0 0.03225806451612903 0.8972602739726028 0.06451612903225806 0.14963119072708114
0 0.0908004778972521 0.9051633298208641 0.1816009557945042 0.18967334035827185
0 0.15003601424092874 0.9210736416202081 0.174456336271952 0.14556602726870416
0 0.19922341696535245 0.91622760800843 0.09737156511350059 0.16754478398314016
0 0.2470131421744325 0.9193888303477344 0.11409796893667862 0.1612223393045311
0 0.3094384707287933 0.9225500526870389 0.12544802867383512 0.15489989462592202
0 0.3760454002389486 0.9275553213909379 0.1260454002389486 0.14488935721812435
0 0.8419952210274791 0.9038461538461539 0.18458781362007168 0.19230769230769232
0 0.8745519713261649 0.9070073761854583 0.24970131421744324 0.18598524762908325
0 0.9327956989247311 0.8906743940990516 0.13440860215053763 0.21865121180189673
0 0.931899641577061 0.9138566912539515 0.13620071684587814 0.17228661749209695