0 0.3676588897827836 0.31448104412678685 0.06436041834271923 0.09866376631448104
0 0.3594127111826227 0.322094468614046 0.08085277554304103 0.14729645742697328
0 0.32240547063555913 0.33809819763828464 0.12409493161705551 0.12600994406463642
0 0.2827835880933226 0.34959602237414544 0.12047465808527756 0.12243629583592293
0 0.23592115848753017 0.36839651957737723 0.1246983105390185 0.12663144810441268
0 0.17880128720836685 0.3840894965817278 0.10679806918744972 0.1502486016159105
0 0.10679806918744972 0.41003729024238655 0.1263073209975865 0.13206960845245494
0 0.06536604987932422 0.23477315102548166 0.10639581657280772 0.20183343691733996
0 0.04847144006436042 0.24502796768178994 0.07703137570394207 0.20059042883778744
0 0.12831858407079647 0.21302050963331262 0.13596138374899436 0.1379738968303294
0 0.16230893000804505 0.20851460534493474 0.09633950120675784 0.17697327532628962
0 0.18543845534995979 0.1932877563704164 0.1421962992759453 0.14434431323803604
0 0.21178600160901045 0.18862647607209446 0.0997586484312148 0.19002486016159106
0 0.23793242156074015 0.17775015537600994 0.1498390989541432 0.15211311373523928
0 0.26367658889782786 0.17215661901802362 0.10337892196299275 0.19561839651957738
0 0.2906275140788415 0.1608141702921069 0.1413917940466613 0.14356743318831572
0 0.32099758648431215 0.15164698570540708 0.1574818986323411 0.15988191423244252
0 0.9750603378921963 0.1555313859540087 0.0498793242156074 0.11218147917961467
0 0.9502970318810544 0.33959477588840553 0.09405062209200593 0.13062557796790059
0 0.9138214713474084 0.3332636609422379 0.1080421348669535 0.1611230647832529
0 0.8868198028853225 0.3602911693518719 0.12351930612541731 0.09281987379148098
0 0.8705278496131936 0.19812926366829747 0.10498737020264125 0.13623757884318793
0 0.8246682949416044 0.18617242818341545 0.16007355077676694 0.11999932829520221
0 0.7969071639201966 0.20480963205606986 0.11469198882881447 0.15482519150673302
0 0.7649294593573588 0.21251643661875388 0.14891177672262843 0.11190131126080984
0 0.7312681951218526 0.2216786050562173 0.11641351225913396 0.15611884828431477
0 0.6899964880578421 0.22921051160273642 0.16139282159244434 0.12128032289827659
0 0.6478218269142653 0.2356801104286617 0.16572475841118064 0.12482521686211866
0 0.7704112416120726 0.3711231585909158 0.09544857702538655 0.15050104506623363
0 0.7378329147296738 0.39224927979407215 0.09361178402091387 0.13464002987743165
0 0.6930323977750101 0.3897640498285244 0.09391549408212019 0.15572051853179536
0 0.6596664800903513 0.4021891144748131 0.09624186843875676 0.14153988518750696
0 0.6306972129238165 0.41416414318163375 0.08279876269794366 0.1392575213094381
0 0.600099264269288 0.42151587811365415 0.09059066080434296 0.13671399662059053
0 0.5556081579869407 0.42244892036687576 0.09966800087237154 0.15280293095052333
0 0.4669077900705443 0.2937300433049748 0.09631503935165633 0.13348565701943008
0 0.495922099907041 0.2733393857121602 0.09268060799525624 0.1553717799883854
0 0.5359869554239721 0.28812754598370044 0.08123203830693579 0.11751754209177644
0 0.5733598631292278 0.29100240218757684 0.07931931778716149 0.09638640473938351
0 0.49857536158193755 0.11993024277240232 0.06432345807365634 0.09467489620306188
0 0.4646680220723016 0.11523229088857573 0.07798588914686204 0.11710549267582998
0 0.4360418342719228 0.10518955873213176 0.07240547063555913 0.15133623368551896
0 0.42176186645213193 0.11140459912989434 0.04384553499597747 0.14698570540708514
0 0.25650301637419715 0.8650854301750504 0.24490049097494448 0.25064442826932376
0 0.16411906677393404 0.6488502175264139 0.2920353982300885 0.21814791796146674
0 0.10539018503620273 0.8944996892479801 0.21078037007240547 0.21100062150403978
0 0.05148833467417538 0.6848974518334369 0.10297666934835076 0.2554381603480423
0 0.7534230674756551 0.7936176976603192 0.16784853445614212 0.12613153581420777
0 0.7145930043424347 0.8013843831796829 0.13035722576171824 0.1816569649559641
0 0.6714647395413725 0.810688736708123 0.18718754480429756 0.1403744225421127
0 0.6377429902132344 0.8214109963322809 0.18075996018353754 0.13583396164606962
0 0.6006766428747401 0.8308361692630001 0.1846333879017563 0.13874468939562834
0 0.5647565682875401 0.8417834468568918 0.11004769732905342 0.17884859209138337
0 0.5366466845349641 0.8476544935651183 0.1659047416847215 0.1356762132091887
0 0.498522677780745 0.854308222665859 0.1157636186628549 0.17995811859414962
0 0.5389147954285493 0.6409674713049103 0.18334224532901658 0.13777444681244208
0 0.5734649496221531 0.6327122345780968 0.11806462137895536 0.1787910835616408
0 0.604998209205942 0.624551964160088 0.17559538989257945 0.131952991313325
0 0.6371681415929203 0.6241454319453077 0.1263073209975865 0.1687383467992542
0 0.6700717628399738 0.610349707678004 0.18761792566187732 0.14069783673650804