0 0.05800653594771242 0.29071969696969696 0.1119281045751634 0.09011994949494949
0 0.08047385620915033 0.2967171717171717 0.15012254901960784 0.10085227272727272
0 0.136437908496732 0.30934343434343436 0.15012254901960784 0.1002209595959596
0 0.19301470588235295 0.3181818181818182 0.15849673202614378 0.10574494949494949
0 0.26062091503267976 0.3327020202020202 0.16380718954248366 0.109375
0 0.34211601307189543 0.34453914141414144 0.1395016339869281 0.13194444444444445
0 0.4464869281045752 0.3648989898989899 0.16115196078431374 0.10874368686868686
0 0.4693627450980392 0.2086489898989899 0.1607434640522876 0.12263257575757576
0 0.5042892156862745 0.21669823232323232 0.09109477124183006 0.17708333333333334
0 0.39133986928104575 0.1919191919191919 0.1766748366013072 0.11789772727272728
0 0.34354575163398693 0.1892361111111111 0.16482843137254902 0.11000631313131314
0 0.30923202614379086 0.1764520202020202 0.11887254901960784 0.171875
0 0.27185457516339867 0.17345328282828282 0.17769607843137256 0.1185290404040404
0 0.23447712418300654 0.16493055555555555 0.19955065359477125 0.13320707070707072
0 0.19750816993464052 0.16114267676767677 0.09967320261437909 0.16571969696969696
0 0.15890522875816993 0.15198863636363635 0.1766748366013072 0.11789772727272728
0 0.1156045751633987 0.1452020202020202 0.1868872549019608 0.12468434343434344
0 0.7344732254418321 0.37498553940223583 0.17297765782288088 0.1352110424036552
0 0.7735512071553562 0.3843501096991565 0.17462115100884648 0.13649570788967563
0 0.8160954696799392 0.3929723719316485 0.15900796574217307 0.12429138577248111
0 0.8547625780969718 0.40201577585706416 0.1692821747189236 0.13263620162576567
0 0.894812091503268 0.40735479797979796 0.1670751633986928 0.12468434343434344
0 0.9397467320261438 0.39867424242424243 0.11315359477124183 0.14204545454545456
0 0.9497549019607843 0.4144570707070707 0.10049019607843138 0.11047979797979798
0 0.9736519607843137 0.42250631313131315 0.05269607843137255 0.09438131313131314
0 0.9793709150326797 0.23232323232323232 0.04125816993464052 0.12310606060606061
0 0.9560866013071896 0.22537878787878787 0.08782679738562091 0.13573232323232323
0 0.9509803921568627 0.21638257575757575 0.09803921568627451 0.18150252525252525
0 0.9168709150326797 0.20928030303030304 0.16625816993464052 0.13131313131313133
0 0.8802154322574901 0.20209533213397776 0.17503202430533796 0.13681687426118083
0 0.8392897089919874 0.19144334144811231 0.09732047843329336 0.17711551144511717
0 0.7973558150009783 0.1825136873587366 0.1622949521141043 0.12686071674452207
0 0.14333211119292946 0.8590039996543689 0.18818234635752804 0.14740985471500131
0 0.20162251041624116 0.8703636419372829 0.18571473001411434 0.14516719992031374
0 0.25094261748623453 0.8838116644511244 0.127370721912335 0.09956157516658704
0 0.3088435324932421 0.8976910494534421 0.15572097937024187 0.12172205480044024
0 0.35974771863756955 0.90453232331189 0.16804717826498397 0.1313570459455939
0 0.41421568627450983 0.9147727272727273 0.10784313725490197 0.17045454545454544
0 0.4685896565381162 0.9301456589403325 0.15777534585269895 0.1233278866579659
0 0.2337178491561167 0.6033047713316976 0.17379940441586364 0.13585337514666548
0 0.2854960663116627 0.6177328223776003 0.12397971141592938 0.19167819427981855
0 0.3352163521380538 0.6300815567174923 0.1405162908355947 0.10952324248909417
0 0.3872023825063107 0.644985847514804 0.14257303388251702 0.11144473091227647
0 0.4411536581895775 0.6496588489575201 0.11979968151705764 0.17899683359507035
0 0.4832516339869281 0.6655618686868687 0.13316993464052287 0.12531565656565657
0 0.6636029411764706 0.9547032828282829 0.2275326797385621 0.09059343434343434
0 0.7197794982672157 0.7966696522843163 0.2752851086492401 0.21518146890842973
0 0.7867231533239715 0.5739526228991966 0.25679581030712706 0.20072898219069943
0 0.8500816993464052 0.9654356060606061 0.29983660130718953 0.06912878787878787
0 0.8890931372549019 0.8241792929292929 0.22181372549019607 0.21717171717171718
0 0.9297385620915033 0.6051136363636364 0.14052287581699346 0.25946969696969696