0 0.1259562609891254 0.12835822704829028 0.06786365701585234 0.04971184537931622
0 0.12986032718991897 0.1384291068303348 0.25788189666023875 0.1889050124414016
0 0.1412568306010929 0.14557739557739557 0.2825136612021858 0.07411957411957412
0 0.13456151255621954 0.15485677289695676 0.12328564357879836 0.09030985243909109
0 0.13465952453269162 0.16448479748887693 0.23299855575442624 0.17067733580231897
0 0.1380839310030049 0.17311766086900945 0.1589140635121208 0.1164085712632321
0 0.14039635891075436 0.18215049472132125 0.2530089466407544 0.07261166111194582
0 0.1467056649198294 0.1875311796687533 0.06842918749098441 0.050126110757477166
0 0.14788703187731464 0.19737348440274477 0.07238790081690916 0.05302596840460393
0 0.14823918550980222 0.20741339188849567 0.2177292329258595 0.1594921705919728
0 0.14926182274977406 0.21479631168115443 0.12667882642959102 0.09279544470805691
0 0.15206345158185405 0.22506241173062802 0.1781420996666123 0.13049359412070502
0 0.1543663382957533 0.23429999578769006 0.1900182396443865 0.13919316706208532
0 0.15950554803919328 0.25892481749731106 0.07521555319256965 0.05509729529540881
0 0.1637210030591035 0.26817907894468496 0.06729812654072026 0.04929758000115518
0 0.1773224043715847 0.27702702702702703 0.3546448087431694 0.09950859950859951
0 0.14938844672585674 0.28833260748277156 0.1430601278207216 0.10439964026522458
0 0.17541671931175376 0.3104767453397411 0.12609421356675846 0.09197167892039551
0 0.17797374768166846 0.3201262122906338 0.14366382307125444 0.1056329064623863
0 0.17598137924691584 0.32768767496040974 0.14138261878302563 0.10356634454024209
0 0.18297678067323553 0.3359420102273355 0.08991760446606424 0.030665454816540438
0 0.18527966738713478 0.34517959428439754 0.0678445746281519 0.04930234496981586
0 0.1878844017263005 0.35380531021153916 0.14364474068355407 0.10522340605288598
0 0.18855748537175493 0.36282384915786925 0.05824963893860656 0.042669333950579744
0 0.1911327255894 0.38967948076076997 0.11084397312589209 0.08119601411954974
0 0.20928961748633879 0.43632268632268634 0.1628415300546448 0.06674856674856675
0 0.7937158469945356 0.06306306306306306 0.412568306010929 0.12612612612612611
0 0.7330435921940671 0.058760982404763226 0.14988465829770758 0.11018982562215704
0 0.7370586821431229 0.07231499815189148 0.22146067551543935 0.06374054929878537
0 0.6628458132628547 0.15155289704725927 0.3647671564602062 0.26720116891382456
0 0.8622950819672132 0.27293202293202296 0.2754098360655738 0.14373464373464373
0 0.8677595628415301 0.3237100737100737 0.2644808743169399 0.291973791973792
0 0.9461748633879782 0.36404586404586403 0.10765027322404372 0.1941031941031941
0 0.9180327868852459 0.37428337428337427 0.16393442622950818 0.19082719082719082
0 0.9251366120218579 0.39352989352989354 0.14972677595628414 0.15233415233415235
0 0.07377049180327869 0.6463963963963963 0.14754098360655737 0.1248976248976249
0 0.07923497267759563 0.674037674037674 0.15846994535519127 0.13063063063063063
0 0.09644808743169399 0.7065929565929566 0.19289617486338798 0.08312858312858312
0 0.10109289617486339 0.7725225225225225 0.16639344262295083 0.13411138411138412
0 0.10655737704918032 0.8050778050778051 0.1576502732240437 0.12612612612612611
0 0.11639344262295082 0.8423423423423423 0.16639344262295083 0.13185913185913187
0 0.1377049180327869 0.9146191646191646 0.21721311475409835 0.07985257985257985
0 0.14153005464480875 0.9369369369369369 0.16639344262295083 0.12612612612612611
0 0.14918032786885246 0.9541359541359541 0.15628415300546447 0.09172809172809172
0 0.5344262295081967 0.585995085995086 0.2650273224043716 0.1773136773136773
0 0.5385245901639344 0.6021703521703522 0.2530054644808743 0.16932841932841933
0 0.5647540983606557 0.6154791154791155 0.3295081967213115 0.08927108927108927
0 0.5453551912568306 0.6296068796068796 0.25437158469945353 0.17014742014742015
0 0.5486338797814208 0.6427108927108927 0.2494535519125683 0.16687141687141688
0 0.5540983606557377 0.657043407043407 0.24672131147540985 0.16502866502866503
0 0.571584699453552 0.6703521703521703 0.34289617486338797 0.0945945945945946
0 0.5617486338797815 0.6836609336609336 0.2614754098360656 0.17547092547092547
0 0.5658469945355191 0.6975839475839476 0.2459016393442623 0.16461916461916462
0 0.5737704918032787 0.7108927108927109 0.27049180327868855 0.1814086814086814
0 0.5775956284153005 0.7244062244062244 0.26994535519125684 0.18058968058968058
0 0.5814207650273224 0.7375102375102375 0.2683060109289617 0.17956592956592957
0 0.5860655737704918 0.7522522522522522 0.2587431693989071 0.17301392301392302
0 0.5915300546448088 0.7714987714987716 0.2754098360655738 0.18427518427518427
0 0.7877049180327869 0.8441850941850941 0.2669398907103825 0.17874692874692874
0 0.7887978142076503 0.8581081081081081 0.3879781420765027 0.09479934479934479
0 0.7942622950819672 0.8712121212121212 0.27049180327868855 0.1814086814086814
0 0.8 0.8847256347256347 0.25792349726775954 0.1726044226044226
0 0.8038251366120218 0.8998771498771498 0.26010928961748636 0.17403767403767403
0 0.803551912568306 0.9138001638001638 0.2562841530054645 0.1723996723996724
0 0.7980874316939891 0.9256756756756757 0.362568306010929 0.0988943488943489
0 0.8101092896174863 0.9271089271089271 0.24781420765027323 0.1457821457821458
0 0.8142076502732241 0.9340704340704341 0.24453551912568305 0.13185913185913187