0 0.2777777777777778 0.2716796875 0.04106280193236715 0.051953125
0 0.2569444444444444 0.271484375 0.14553140096618358 0.21328125
0 0.26268115942028986 0.271484375 0.06521739130434782 0.225390625
0 0.2554347826086957 0.26875 0.07336956521739131 0.0927734375
0 0.2484903381642512 0.265234375 0.0785024154589372 0.265625
0 0.24094202898550723 0.264453125 0.09692028985507246 0.12265625
0 0.2333937198067633 0.262890625 0.11020531400966184 0.1390625
0 0.22795893719806765 0.265234375 0.041666666666666664 0.0529296875
0 0.22010869565217392 0.262890625 0.04468599033816425 0.0564453125
0 0.21256038647342995 0.259375 0.1322463768115942 0.1673828125
0 0.20652173913043478 0.257421875 0.04106280193236715 0.1330078125
0 0.19806763285024154 0.255859375 0.11201690821256038 0.1416015625
0 0.1905193236714976 0.2541015625 0.12469806763285024 0.1576171875
0 0.17059178743961353 0.2490234375 0.04800724637681159 0.0609375
0 0.16243961352657005 0.2486328125 0.043478260869565216 0.05546875
0 0.1554951690821256 0.2458984375 0.15821256038647344 0.1998046875
0 0.15066425120772947 0.23125 0.08242753623188406 0.1046875
0 0.12741545893719808 0.2416015625 0.07910628019323672 0.1
0 0.11956521739130435 0.2400390625 0.09480676328502416 0.11953125
0 0.11413043478260869 0.2359375 0.05585748792270531 0.1640625
0 0.10628019323671498 0.237890625 0.024758454106280192 0.0677734375
0 0.09873188405797101 0.2361328125 0.043478260869565216 0.055078125
0 0.09148550724637682 0.23515625 0.09571256038647342 0.1212890625
0 0.08454106280193237 0.2322265625 0.036533816425120776 0.04609375
0 0.06340579710144928 0.2244140625 0.07065217391304347 0.0892578125
0 0.030495169082125604 0.2177734375 0.04891304347826087 0.116015625
0 0.7204106280193237 0.2529296875 0.4791666666666667 0.2353515625
0 0.5646135265700483 0.2419921875 0.4420289855072464 0.230859375
0 0.4513888888888889 0.228515625 0.223731884057971 0.270703125
0 0.4245169082125604 0.2310546875 0.16032608695652173 0.176171875
0 0.2521135265700483 0.905078125 0.15519323671497584 0.18984375
0 0.2560386473429952 0.8798828125 0.1473429951690821 0.240234375
0 0.1998792270531401 0.8998046875 0.25966183574879226 0.200390625
0 0.16485507246376813 0.891015625 0.32971014492753625 0.21796875
0 0.1388888888888889 0.88828125 0.2777777777777778 0.2234375
0 0.10235507246376811 0.885546875 0.20471014492753623 0.21171875
0 0.07548309178743962 0.8794921875 0.15096618357487923 0.222265625
0 0.25815217391304346 0.6251953125 0.1431159420289855 0.191015625
0 0.2457729468599034 0.6171875 0.1678743961352657 0.175
0 0.23701690821256038 0.614453125 0.18538647342995168 0.16953125
0 0.2669082125603865 0.6333984375 0.12560386473429952 0.207421875
0 0.2539251207729469 0.631640625 0.14190821256038647 0.20390625
0 0.23248792270531402 0.6310546875 0.14251207729468598 0.202734375
0 0.2107487922705314 0.6294921875 0.14130434782608695 0.199609375
0 0.16587942252442509 0.6542671059044608 0.08007586530860451 0.15106022614218695
0 0.9411231884057971 0.8712890625 0.11745169082125603 0.098828125
0 0.9278381642512077 0.869140625 0.14432367149758454 0.1060546875
0 0.9347826086956522 0.86875 0.11292270531400966 0.161328125
0 0.9091183574879227 0.8654296875 0.1817632850241546 0.109765625
0 0.8955314009661836 0.8650390625 0.10628019323671498 0.1591796875
0 0.8759057971014492 0.862890625 0.19504830917874397 0.1123046875
0 0.8556763285024155 0.8623046875 0.21014492753623187 0.1205078125
0 0.8339371980676329 0.86015625 0.20471014492753623 0.1173828125
0 0.707427536231884 0.8494140625 0.19504830917874397 0.1123046875
0 0.6838768115942029 0.8453125 0.20471014492753623 0.11796875
0 0.6627415458937198 0.84453125 0.11201690821256038 0.1599609375
0 0.5999396135265701 0.8396484375 0.20923913043478262 0.1205078125
0 0.5785024154589372 0.836328125 0.2128623188405797 0.1224609375
0 0.5528381642512077 0.834375 0.21014492753623187 0.121484375
0 0.4915458937198068 0.827734375 0.20652173913043478 0.1189453125
0 0.4652777777777778 0.827734375 0.1917270531400966 0.1103515625
0 0.4142512077294686 0.8166015625 0.12983091787439613 0.1109375
0 0.3976449275362319 0.814453125 0.0966183574879227 0.10390625
0 0.384963768115942 0.81328125 0.07155797101449275 0.1052734375
0 0.9870169082125604 0.7037109375 0.025664251207729468 0.156640625
0 0.981280193236715 0.70546875 0.03743961352657005 0.158203125
0 0.9510869565217391 0.7025390625 0.09752415458937198 0.104296875
0 0.9405193236714976 0.7005859375 0.11896135265700483 0.1119140625
0 0.9299516908212561 0.696484375 0.13979468599033817 0.11875
0 0.9224033816425121 0.694921875 0.15519323671497584 0.1166015625
0 0.884963768115942 0.6896484375 0.20229468599033817 0.11640625
0 0.8680555555555556 0.6888671875 0.10024154589371981 0.1583984375
0 0.8472222222222222 0.687109375 0.10295893719806763 0.1609375
0 0.831219806763285 0.684765625 0.09963768115942029 0.159765625
0 0.8115942028985508 0.6826171875 0.10386473429951691 0.161328125
0 0.7457729468599034 0.6775390625 0.09842995169082126 0.157421875
0 0.7252415458937198 0.6744140625 0.09480676328502416 0.15546875
0 0.7098429951690821 0.67265625 0.09933574879227053 0.1580078125
0 0.6926328502415459 0.6705078125 0.0981280193236715 0.155078125
0 0.6739130434782609 0.671484375 0.09782608695652174 0.159765625
0 0.6567028985507246 0.6697265625 0.09510869565217392 0.155859375
0 0.6422101449275363 0.665625 0.09571256038647342 0.15546875
0 0.6171497584541062 0.662890625 0.11231884057971014 0.1630859375
0 0.5914855072463768 0.6615234375 0.10024154589371981 0.1603515625
0 0.563707729468599 0.6607421875 0.1213768115942029 0.1603515625