0 0.10126582278481013 0.4253666954270923 0.19390103567318756 0.2924935289042278
0 0.17491369390103567 0.4499568593615185 0.2008055235903337 0.25970664365832613
0 0.25690448791714615 0.4624676445211389 0.20512082853855007 0.23468507333908542
0 0.3121403912543153 0.48662640207075064 0.15132336018411968 0.18636755823986195
0 0.22612197928653624 0.1095772217428818 0.17980437284234752 0.2083692838654012
0 0.3069620253164557 0.12597066436583262 0.17635212888377447 0.23468507333908542
0 0.3665132336018412 0.14408973252804141 0.1590909090909091 0.2206643658326143
0 0.4013233601841197 0.19823123382226057 0.10040276179516686 0.2655306298533218
0 0.6283084004602992 0.33347713546160485 0.08774453394706559 0.07765314926660914
0 0.6616800920598389 0.34339948231233824 0.11162255466052934 0.09879206212251941
0 0.6924626006904487 0.34987057808455563 0.10040276179516686 0.08908541846419327
0 0.7200805523590333 0.35634167385677307 0.10040276179516686 0.08908541846419327
0 0.752301495972382 0.36259706643658324 0.11162255466052934 0.09879206212251941
0 0.5828538550057537 0.4514667817083693 0.06300345224395858 0.05586712683347714
0 0.5937859608745685 0.4527610008628128 0.06041426927502877 0.05349439171699741
0 0.6070195627157653 0.45448662640207077 0.03423475258918297 0.06859361518550475
0 0.6823935558112774 0.20081967213114754 0.07077100115074798 0.13114754098360656
0 0.7128883774453395 0.20815358067299397 0.06789413118527042 0.12597066436583262
0 0.7471231300345225 0.21268334771354616 0.0759493670886076 0.12748058671268334
0 0.7784810126582279 0.2236842105263158 0.07077100115074798 0.13114754098360656
0 0.8063866513233602 0.23015530629853323 0.06501726121979287 0.11842105263157894
0 0.8363060989643268 0.2351164797238999 0.06645569620253164 0.12748058671268334
0 0.8647871116225546 0.2450388265746333 0.07077100115074798 0.1317946505608283
0 0.89614499424626 0.2504314063848145 0.0693325661680092 0.12446074201898188
0 0.9223245109321059 0.25776531492666094 0.054372842347525895 0.11389128559102675
0 0.9479286536248561 0.26488352027610007 0.07048331415420023 0.12899050905953408
0 0.9649021864211738 0.2689818809318378 0.04286536248561565 0.12165660051768766
0 0.7183544303797469 0.09296807592752372 0.05466052934407365 0.09620362381363244
0 0.7474108170310702 0.10094909404659189 0.05724971231300345 0.0992234685073339
0 0.7756041426927502 0.10893011216566005 0.05724971231300345 0.10073339085418465
0 0.8092635212888377 0.11604831751509923 0.06357882623705409 0.1000862812769629
0 0.8429228998849252 0.12704918032786885 0.062428078250863064 0.10526315789473684
0 0.870253164556962 0.13028472821397757 0.04833141542002301 0.09685073339085419
0 0.8924050632911392 0.1300690250215703 0.04919447640966628 0.08714408973252805
0 0.9188722669735327 0.14236410698878343 0.05494821634062141 0.0992234685073339
0 0.9462025316455697 0.1507765314926661 0.06329113924050633 0.10440034512510785
0 0.9686421173762946 0.15595340811044003 0.04948216340621404 0.10116479723899914
0 0.06703107019562715 0.75862812769629 0.13377445339470656 0.07075064710957722
0 0.09378596087456847 0.7622950819672131 0.06530494821634063 0.08498705780845557
0 0.1277330264672037 0.768334771354616 0.0923475258918297 0.08865401207937877
0 0.1806674338319908 0.7771786022433133 0.09205983889528194 0.08584987057808456
0 0.1283084004602992 0.6839948231233822 0.11593785960874568 0.08455565142364108
0 0.29027617951668583 0.7909836065573771 0.06386651323360185 0.08455565142364108
0 0.3239355581127733 0.7924935289042278 0.09436133486766399 0.09318377911993098
0 0.3619102416570771 0.8009059534081104 0.07796317606444189 0.08843830888697153
0 0.3829113924050633 0.8034943917169974 0.06098964326812428 0.08628127696289906
0 0.40650172612197927 0.8043572044866264 0.07422324510932106 0.0959879206212252
0 0.3457997698504028 0.7139775668679896 0.0759493670886076 0.07808455565142364
0 0.40276179516685845 0.7210957722174288 0.11363636363636363 0.08196721311475409
0 0.29487917146144993 0.8912855910267472 0.1395281933256617 0.10245901639344263
0 0.08515535097813579 0.8673425366695428 0.11622554660529344 0.09188955996548749
0 0.560126582278481 0.9009922346850734 0.16052934407364788 0.19801553062985333
0 0.5753739930955121 0.8556945642795514 0.19102416570771003 0.2886108714408973
0 0.583716915995397 0.9223468507333908 0.15822784810126583 0.15530629853321828
0 0.6409666283084005 0.9001294219154443 0.18411967779056387 0.1997411561691113
0 0.6907364787111623 0.9072476272648835 0.17779056386651323 0.18550474547023296
0 0.7183544303797469 0.9652717860224331 0.14096662830840045 0.06945642795513374