0 0.544392523364486 0.38984438984438985 0.29739652870493993 0.2903357903357903
0 0.44058744993324434 0.4223996723996724 0.284045393858478 0.2536855036855037
0 0.32710280373831774 0.4348894348894349 0.2917222963951936 0.23791973791973792
0 0.24599465954606142 0.4561834561834562 0.22496662216288385 0.19901719901719903
0 0.36882510013351133 0.0943898443898444 0.26101468624833113 0.1887796887796888
0 0.256675567423231 0.10647010647010648 0.25166889185580776 0.21294021294021295
0 0.17423230974632845 0.11425061425061425 0.2239652870493992 0.2110974610974611
0 0.13885180240320427 0.13206388206388206 0.18958611481975968 0.2166257166257166
0 0.9492656875834445 0.2620802620802621 0.10146862483311081 0.17772317772317772
0 0.7510013351134847 0.3157248157248157 0.102803738317757 0.1769041769041769
0 0.6151535380507344 0.9185094185094185 0.08244325767690254 0.049344799344799344
0 0.47997329773030706 0.8931203931203932 0.1965954606141522 0.11814086814086815
0 0.3704939919893191 0.9135954135954136 0.19192256341789052 0.11486486486486487
0 0.2576769025367156 0.9285421785421786 0.1972630173564753 0.11773136773136773
0 0.15654205607476634 0.9443079443079443 0.16522029372496663 0.10974610974610975
0 0.07710280373831775 0.7389434889434889 0.12483311081441922 0.10626535626535627
0 0.16321762349799732 0.7280917280917281 0.17923898531375168 0.10687960687960688
0 0.2793724966622163 0.709049959049959 0.17156208277703605 0.10278460278460279
0 0.39352469959946595 0.697993447993448 0.10647530040053405 0.1160933660933661
0 0.5010013351134847 0.6678951678951679 0.11715620827770361 0.13923013923013924
0 0.9853137516688919 0.7403767403767404 0.029372496662216287 0.07534807534807535
0 0.9786381842456608 0.7436527436527437 0.042723631508678236 0.0687960687960688
0 0.9462616822429907 0.7446764946764947 0.10747663551401869 0.28132678132678135
0 0.9465871990088734 0.7345117634884923 0.08370055589819382 0.15007865558934258
0 0.9124693421191941 0.7551518871319405 0.07843485234514007 0.13893634411638983
0 0.8970151592485115 0.7575354408105056 0.08654346819124001 0.15749256316857088
0 0.8841682007426356 0.756373890695986 0.08654346819124001 0.15749256316857072
0 0.8714472474457312 0.7621881476123803 0.044091078963334286 0.06548756851844643
0 0.8566372812599808 0.7643526510167883 0.044403804631434174 0.07407277704854794
0 0.842851990245106 0.7667004545218361 0.08553511551006823 0.16033046589625993
0 0.8282591021435619 0.7678340568677896 0.03800374318823649 0.05882116141118437
0 0.7847908761527003 0.7710229636661965 0.07668907825417062 0.11193791722817684