0 0.4982909460834181 0.2560015588464536 0.15948118006103765 0.022073265783320344
0 0.49568667344862666 0.27583787996882303 0.7176805696846389 0.018409976617303196
0 0.4913326551373347 0.2909353078721746 0.5490946083418108 0.010483242400623538
0 0.4948626653102747 0.30809820732657833 0.32694811800610374 0.016243180046765393
0 0.49954221770091556 0.32636788776305536 0.6460223804679552 0.01978955572876072
0 0.4973652085452696 0.34321122369446605 0.4381993896236012 0.015058456742010912
0 0.49747711088504576 0.36091192517537024 0.4612207527975585 0.019742790335151986
0 0.48872838250254325 0.3731176929072486 0.16772126144455748 0.013141075604053
0 0.49078331637843337 0.39159002338269683 0.181057985757884 0.02074045206547155
0 0.4949440488301119 0.41031956352299304 0.5622075279755849 0.01890880748246298
0 0.4970193285859613 0.4242244738893219 0.319735503560529 0.017825409197194077
0 0.4962461851475076 0.44458300857365546 0.46078331637843334 0.017194076383476226
0 0.4970193285859613 0.46264224473889326 0.5086571719226857 0.023390491036632894
0 0.4992166836215666 0.5101792673421668 0.18459816887080366 0.01823850350740452
0 0.49593082400813837 0.5286749805144193 0.16786368260427262 0.018254091971940764
0 0.49895218718209566 0.5455806703039751 0.7024211597151577 0.02229929851909587
0 0.5317700915564598 0.5619641465315667 0.3723092573753815 0.01848012470771629
0 0.49430315361139365 0.6116134060795012 0.3433570701932858 0.01846453624318005
0 0.4946388606307223 0.6300857365549494 0.39134282807731435 0.018090413094310212
0 0.5018209562563581 0.6436788776305534 0.39150559511698885 0.017622759158222916
0 0.49269582909460835 0.6613795791114575 0.15979654120040693 0.017856586126266564
0 0.49334689725330616 0.6794544037412314 0.1817497456765005 0.012876071706936866
0 0.49262461851475076 0.6958846453624319 0.3982706002034588 0.01564302416212003
0 0.4952797558494405 0.713328137178488 0.14300101729399795 0.014169914263445051
0 0.5033570701932859 0.764037412314887 0.27136317395727366 0.03157443491816056
0 0.5018006103763988 0.9138269680436477 0.46587995930824005 0.021613406079501168