0 0.1956233421750663 0.041325136612021855 0.14832007073386383 0.0744535519125683
0 0.061229000884173296 0.08094262295081968 0.12245800176834659 0.0898224043715847
0 0.20137046861184793 0.07957650273224044 0.1766136162687887 0.06864754098360656
0 0.05813439434129089 0.13319672131147542 0.10985853227232538 0.06847677595628415
0 0.0605658709106985 0.1524931693989071 0.11538461538461539 0.02920081967213115
0 0.058355437665782495 0.16632513661202186 0.10941644562334217 0.03090846994535519
0 0.0665340406719717 0.18203551912568305 0.08620689655172414 0.05327868852459016
0 0.07316534040671972 0.20440573770491804 0.1273209549071618 0.04252049180327869
0 0.07427055702917772 0.22950819672131148 0.10167992926613616 0.06335382513661202
0 0.19849690539345713 0.19569672131147542 0.13572060123784263 0.05003415300546448
0 0.1909814323607427 0.17127732240437157 0.09040671971706454 0.05618169398907104
0 0.1854553492484527 0.15078551912568305 0.11759504862953139 0.03739754098360656
0 0.1903183023872679 0.12465846994535519 0.10167992926613616 0.06335382513661202
0 0.3238284703801945 0.11697404371584699 0.10499557913351017 0.06540300546448087
0 0.1319628647214854 0.3092554644808743 0.23607427055702918 0.14702868852459017
0 0.3218390804597701 0.2817622950819672 0.16534040671971706 0.10280054644808743
0 0.3251547303271441 0.3302595628415301 0.127763041556145 0.07957650273224044
0 0.3344385499557913 0.3895150273224044 0.1830238726790451 0.1323428961748634
0 0.15053050397877984 0.42435109289617484 0.1976127320954907 0.09101775956284153
0 0.34969053934571176 0.4364754098360656 0.14058355437665782 0.06676912568306011
0 0.6887709991158267 0.08435792349726776 0.28713527851458887 0.16239754098360656
0 0.5970380194518126 0.16188524590163936 0.11936339522546419 0.06830601092896176
0 0.596816976127321 0.1675204918032787 0.1945181255526083 0.030737704918032786
0 0.7979664014146772 0.14668715846994534 0.13373121131741822 0.07650273224043716
0 0.8034924845269673 0.15385928961748635 0.1900972590627763 0.03432377049180328
0 0.6030061892130858 0.2071379781420765 0.19938107869142352 0.05310792349726776
0 0.8074712643678161 0.19228142076502733 0.14500442086648982 0.08265027322404371
0 0.6027851458885941 0.22899590163934427 0.19076038903625112 0.033640710382513664
0 0.6052166224580018 0.23633879781420766 0.125552608311229 0.07189207650273224
0 0.6085322723253758 0.241974043715847 0.1976127320954907 0.03756830601092896
0 0.6083112290008842 0.24863387978142076 0.13505747126436782 0.07718579234972678
0 0.6091954022988506 0.2547814207650273 0.1934129089301503 0.030054644808743168
0 0.8138815207780725 0.21567622950819673 0.1306366047745358 0.07479508196721311
0 0.8156498673740054 0.22199453551912568 0.1268788682581786 0.07291666666666667
0 0.8176392572944297 0.22831284153005466 0.1374889478337754 0.0782103825136612
0 0.8180813439434129 0.23394808743169399 0.13505747126436782 0.07718579234972678
0 0.8178603006189213 0.24043715846994534 0.1282051282051282 0.07325819672131148
0 0.08952254641909814 0.5969945355191257 0.17904509283819628 0.18101092896174864
0 0.2957559681697613 0.5700136612021858 0.3076923076923077 0.20013661202185792
0 0.2313139751339794 0.7246146982411527 0.3926154097721383 0.15558140717109395
0 0.24071618037135278 0.9596994535519126 0.4177718832891247 0.08060109289617487
0 0.7095490716180372 0.6767418032786885 0.3673740053050398 0.40061475409836067
0 0.7201591511936339 0.6968920765027322 0.33311229000884174 0.4368169398907104
0 0.7186118479221928 0.7558060109289617 0.5274093722369585 0.21362704918032788
0 0.7206012378426172 0.7810792349726776 0.381078691423519 0.4378415300546448
0 0.7354111405835544 0.9030054644808743 0.46220159151193635 0.19381830601092895