0 0.02957214765100671 0.39283398184176394 0.05914429530201342 0.0933852140077821
0 0.029991610738255032 0.2851815823605707 0.059983221476510064 0.08852140077821012
0 0.07487416107382551 0.39105058365758755 0.1294043624161074 0.06841763942931259
0 0.11619127516778524 0.38991569390402075 0.10151006711409397 0.05382619974059663
0 0.1449244966442953 0.39202334630350194 0.10276845637583892 0.05431258106355383
0 0.17848154362416108 0.3866731517509728 0.061870805369127514 0.08365758754863813
0 0.22609060402684564 0.38310635538262 0.11975671140939598 0.062905317769131
0 0.2795721476510067 0.3829442282749676 0.1294043624161074 0.06906614785992218
0 0.2160234899328859 0.29377431906614787 0.13485738255033558 0.07133592736705577
0 0.16463926174496643 0.29815175097276264 0.07088926174496644 0.08203631647211414
0 0.12101510067114093 0.3010700389105058 0.12080536912751678 0.0633916990920882
0 0.06648489932885907 0.29685473411154345 0.08095637583892618 0.0916018158236057
0 0.059354026845637585 0.20201037613488976 0.09060402684563758 0.09776264591439689
0 0.4486157718120805 0.3446822308690013 0.2923657718120805 0.1572632944228275
0 0.40583053691275167 0.20898184176394294 0.19463087248322147 0.13391699092088197
0 0.509018456375839 0.20800907911802854 0.16359060402684564 0.08657587548638132
0 0.5662751677852349 0.19552529182879377 0.07508389261744966 0.13683527885862518
0 0.7116191275167785 0.5311284046692607 0.040687919463087245 0.058365758754863814
0 0.7745385906040269 0.4656290531776913 0.09710570469798657 0.13975356679636836
0 0.837248322147651 0.46254863813229574 0.08829697986577181 0.1267833981841764
0 0.9001677852348994 0.45201037613488976 0.09207214765100671 0.13213359273670558
0 0.9526006711409396 0.44439040207522695 0.06837248322147652 0.12889105058365757
0 0.9498741610738255 0.17169260700389105 0.08557046979865772 0.13586251621271075
0 0.891988255033557 0.18482490272373542 0.059773489932885907 0.16699092088197146
0 0.8259228187919463 0.1916342412451362 0.08305369127516779 0.11948767833981842
0 0.7638422818791947 0.20752269779507135 0.0796979865771812 0.11413748378728923
0 0.699244966442953 0.19828145265888455 0.09123322147651007 0.1303501945525292
0 0.3034815436241611 0.8519779507133592 0.16715604026845637 0.08706225680933852
0 0.34563758389261745 0.8490596627756161 0.16589765100671142 0.08657587548638132
0 0.3926174496644295 0.8461413748378729 0.15813758389261745 0.08219844357976654
0 0.4312080536912752 0.8461413748378729 0.15771812080536912 0.08219844357976654
0 0.47231543624161076 0.8446822308690013 0.1644295302013423 0.08576523994811933
0 0.5125838926174496 0.8443579766536965 0.17114093959731544 0.08965629053177691
0 0.5549496644295302 0.8419260700389105 0.07193791946308725 0.12824254215304798
0 0.5562080536912751 0.8393320363164721 0.08368288590604027 0.07749675745784695
0 0.5725671140939598 0.8404669260700389 0.05138422818791946 0.08219844357976654
0 0.4364513422818792 0.7054150453955902 0.17428691275167785 0.0907911802853437
0 0.39828020134228187 0.7071984435797666 0.07676174496644295 0.12791828793774318
0 0.36304530201342283 0.7083333333333334 0.16799496644295303 0.08754863813229571
0 0.3276006711409396 0.7099546044098574 0.06606543624161074 0.12889105058365757
0 0.29194630872483224 0.7125486381322957 0.08934563758389262 0.1300259403372244
0 0.8116610738255033 0.9229896238651103 0.25083892617449666 0.15402075226977952
0 0.7983744136259191 0.7149280081717467 0.2582460364431959 0.19410376982425445
0 0.9448406040268457 0.9109922178988327 0.11031879194630873 0.17801556420233464
0 0.9362416107382551 0.6890402075226978 0.12751677852348994 0.19390402075226978