0 0.21017699115044247 0.46949891067538124 0.07964601769911504 0.11982570806100218
0 0.2594026548672566 0.47004357298474947 0.13606194690265486 0.1187363834422658
0 0.3036504424778761 0.4553376906318083 0.08517699115044247 0.14814814814814814
0 0.34292035398230086 0.45098039215686275 0.07964601769911504 0.1568627450980392
0 0.38827433628318586 0.44498910675381265 0.084070796460177 0.16884531590413943
0 0.20017275966567122 0.27971259126872916 0.09760781535722664 0.19923575584729308
0 0.24406057179999763 0.27167406142676404 0.09630849879812142 0.19266176808096225
0 0.2903378016946248 0.2575681660739236 0.09406392243945047 0.1914963633544007
0 0.33741544998718787 0.2537728145451662 0.15137257491978323 0.14885017684357565
0 0.37444690265486724 0.24618736383442266 0.12942477876106195 0.1328976034858388
0 0.3926991150442478 0.23474945533769062 0.09292035398230089 0.14270152505446623
0 0.4131637168141593 0.23093681917211328 0.051991150442477874 0.14596949891067537
0 0.1767386426009305 0.1004184082695848 0.07828751397247412 0.18115988103099714
0 0.2194880730668515 0.09350724310026859 0.13319065520343623 0.13190166669992862
0 0.261115215353437 0.08717878029423314 0.14340390324094524 0.1409586241350329
0 0.3075221238938053 0.08496732026143791 0.08849557522123894 0.16993464052287582
0 0.35785398230088494 0.0718954248366013 0.14712389380530974 0.1437908496732026
0 0.3877212389380531 0.0593681917211329 0.10287610619469026 0.1187363834422658
0 0.4021017699115044 0.051742919389978215 0.07411504424778761 0.10348583877995643
0 0.4192477876106195 0.05555555555555555 0.03982300884955752 0.1111111111111111
0 0.9397123893805309 0.23638344226579522 0.12057522123893805 0.2701525054466231
0 0.8324273991086767 0.2697512802258613 0.25044396704919636 0.24802022798277176
0 0.6608181246603336 0.3180931086591175 0.16551263429036642 0.29080473776451865
0 0.5055309734513275 0.3202614379084967 0.13274336283185842 0.3485838779956427
0 0.018805309734513276 0.8671023965141612 0.03761061946902655 0.12636165577342048
0 0.04811946902654867 0.8622004357298475 0.09623893805309734 0.08169934640522876
0 0.06305309734513274 0.8611111111111112 0.09236725663716815 0.13017429193899782
0 0.09457964601769911 0.8556644880174292 0.07798672566371681 0.1323529411764706
0 0.12831858407079647 0.8507625272331155 0.07300884955752213 0.1323529411764706
0 0.16371681415929204 0.8464052287581699 0.14657079646017698 0.09694989106753812
0 0.24502212389380532 0.8382352941176471 0.14657079646017698 0.09586056644880174
0 0.28042035398230086 0.8333333333333334 0.13495575221238937 0.09041394335511982
0 0.31581858407079644 0.8284313725490197 0.08794247787610619 0.1323529411764706
0 0.3545353982300885 0.8246187363834423 0.09070796460176991 0.12908496732026145
0 0.38882743362831856 0.8202614379084967 0.0790929203539823 0.12908496732026145
0 0.025442477876106196 0.7178649237472767 0.05088495575221239 0.0855119825708061
0 0.053650442477876106 0.7118736383442266 0.10730088495575221 0.09858387799564271
0 0.08960176991150443 0.7113289760348583 0.0956858407079646 0.12527233115468409
0 0.1338495575221239 0.6993464052287581 0.13993362831858408 0.09259259259259259
0 0.1698008849557522 0.7031590413943355 0.07079646017699115 0.11492374727668846
0 0.20907079646017698 0.6933551198257081 0.12997787610619468 0.0860566448801743
0 0.25 0.6873638344226579 0.1415929203539823 0.09368191721132897
0 0.28263274336283184 0.6868191721132898 0.06747787610619468 0.119281045751634
0 0.31913716814159293 0.6791938997821351 0.14657079646017698 0.09694989106753812
0 0.36836283185840707 0.6753812636165577 0.11338495575221239 0.08660130718954248
0 0.6039823008849557 0.8273420479302832 0.08019911504424779 0.16830065359477125
0 0.6216814159292036 0.8251633986928104 0.17643805309734514 0.105119825708061
0 0.6382743362831859 0.8218954248366013 0.103429203539823 0.16938997821350762
0 0.6554203539823009 0.8186274509803921 0.09070796460176991 0.1715686274509804
0 0.6714601769911505 0.8169934640522876 0.07190265486725664 0.16884531590413943
0 0.6902654867256637 0.815359477124183 0.18694690265486727 0.1116557734204793
0 0.7881637168141593 0.8066448801742919 0.18971238938053098 0.11274509803921569
0 0.8058628318584071 0.803921568627451 0.1836283185840708 0.10947712418300654
0 0.8230088495575221 0.8033769063180828 0.09623893805309734 0.16938997821350762
0 0.8401548672566371 0.80119825708061 0.1006637168141593 0.16775599128540306
0 0.8584070796460177 0.7990196078431373 0.07632743362831858 0.1661220043572985
0 0.8744469026548672 0.7968409586056645 0.19192477876106195 0.11437908496732026