0 0.3676111111111111 0.39314942528735636 0.176875 0.04835632183908046
0 0.36406944444444445 0.4434942528735632 0.22186111111111112 0.05094252873563218
0 0.3654722222222222 0.4898045977011494 0.21072222222222223 0.03418390804597701
0 0.3649722222222222 0.531 0.2145 0.03454022988505747
0 0.36780555555555555 0.5790000000000001 0.21715277777777778 0.05119540229885058
0 0.1345 0.38282758620689655 0.14400000000000002 0.016229885057471263
0 0.1376111111111111 0.39895402298850574 0.13590277777777776 0.013586206896551725
0 0.13948611111111112 0.41806896551724143 0.12658333333333333 0.014448275862068967
0 0.6297638888888889 0.4089655172413793 0.23730555555555558 0.04551724137931035
0 0.6301805555555556 0.45502298850574713 0.22852777777777777 0.04398850574712644
0 0.6361249999999999 0.504632183908046 0.2277638888888889 0.055091954022988505
0 0.6299583333333333 0.553 0.23730555555555558 0.04571264367816092
0 0.6300555555555556 0.5950689655172414 0.214875 0.04204597701149425
0 0.6339166666666667 0.638287356321839 0.23218055555555553 0.04066666666666667
0 0.6287083333333333 0.6820919540229885 0.23979166666666668 0.04501149425287356
0 0.6316805555555556 0.7283793103448276 0.22552777777777777 0.04670114942528736
0 0.6297777777777778 0.7683793103448276 0.20990277777777777 0.028747126436781612
0 0.6277222222222222 0.8069080459770115 0.23343055555555556 0.045942528735632183
0 0.632125 0.8494942528735632 0.221875 0.04354022988505747
0 0.868986111111111 0.4114367816091954 0.2324027777777778 0.03895402298850575
0 0.8644305555555556 0.45495402298850574 0.22947222222222222 0.03951724137931035
0 0.8623055555555555 0.4986206896551724 0.23372222222222222 0.03952873563218391
0 0.866125 0.5482413793103449 0.23443055555555553 0.04835632183908046
0 0.8617777777777778 0.6005287356321839 0.24588888888888888 0.04490804597701149
0 0.8617916666666667 0.6391034482758621 0.22363888888888891 0.02754022988505747
0 0.8721805555555556 0.6699999999999999 0.20284722222222223 0.032413793103448274
0 0.8625555555555555 0.7115057471264368 0.23043055555555556 0.03675862068965517
0 0.8621944444444444 0.7539885057471265 0.24229166666666666 0.04604597701149426
0 0.8663888888888889 0.7943218390804597 0.2422361111111111 0.04124137931034483