0 0.18377659574468086 0.4047049441786284 0.06861702127659575 0.08273524720893143
0 0.21170212765957447 0.4043062200956938 0.07819148936170213 0.0950956937799043
0 0.23696808510638298 0.4019138755980861 0.04521276595744681 0.11901913875598086
0 0.2598404255319149 0.400518341307815 0.04414893617021277 0.12041467304625199
0 0.2856382978723404 0.3975279106858054 0.07686170212765958 0.09370015948963317
0 0.19414893617021275 0.5269138755980861 0.025 0.07934609250398723
0 0.2026595744680851 0.5249202551834131 0.0199468085106383 0.07376395534290271
0 0.21329787234042552 0.5233253588516746 0.021808510638297873 0.06957735247208932
0 0.17446808510638298 0.2665470494417863 0.05053191489361702 0.13476874003189793
0 0.1997340425531915 0.26455342902711326 0.07446808510638298 0.0905103668261563
0 0.22659574468085106 0.2597687400318979 0.07765957446808511 0.09429824561403509
0 0.2531914893617021 0.26116427432216904 0.05319148936170213 0.13496810207336524
0 0.27632978723404256 0.2595693779904306 0.07367021276595745 0.08971291866028708
0 0.3002659574468085 0.2555821371610845 0.08085106382978724 0.09828548644338118
0 0.324468085106383 0.2567783094098884 0.08085106382978724 0.09828548644338118
0 0.3497340425531915 0.25338915470494416 0.07898936170212766 0.09589314194577353
0 0.37207446808510636 0.25318979266347685 0.0699468085106383 0.08492822966507177
0 0.3930851063829787 0.252591706539075 0.08404255319148936 0.10227272727272728
0 0.41648936170212764 0.24900318979266348 0.04015957446808511 0.12280701754385964
0 0.15904255319148936 0.14074960127591707 0.04468085106382979 0.13058213716108452
0 0.18351063829787234 0.14154704944178628 0.04468085106382979 0.1291866028708134
0 0.2074468085106383 0.14094896331738438 0.05106382978723404 0.13257575757575757
0 0.23457446808510637 0.13736044657097288 0.04734042553191489 0.13217703349282298
0 0.263563829787234 0.13736044657097288 0.08085106382978724 0.09828548644338118
0 0.2845744680851064 0.13616427432216907 0.07446808510638298 0.08971291866028708
0 0.30106382978723406 0.1297846889952153 0.03297872340425532 0.11124401913875598
0 0.324468085106383 0.13337320574162678 0.04654255319148936 0.12998405103668262
0 0.3478723404255319 0.13137958532695374 0.07898936170212766 0.09589314194577353
0 0.3696808510638298 0.12799043062200957 0.04867021276595745 0.13596491228070176
0 0.5172733970095879 0.5461085533729667 0.12968313238619658 0.1039364663706344
0 0.5404255319148936 0.5364832535885168 0.07765957446808511 0.16626794258373206
0 0.5593085106382979 0.4565390749601276 0.12925531914893618 0.32615629984051037
0 0.6170212765957447 0.4304226475279107 0.2 0.37838915470494416
0 0.6944148936170212 0.48484848484848486 0.125 0.26953748006379585
0 0.7368511914893255 0.467327440083563 0.2771237061364779 0.2221048970160857
0 0.784392585871546 0.46605384398998495 0.2706664547313562 0.21692963727978845
0 0.8412234042553192 0.5089712918660287 0.1196808510638298 0.22129186602870812
0 0.0598404255319149 0.888755980861244 0.08404255319148936 0.0645933014354067
0 0.04308510638297872 0.819377990430622 0.07872340425531915 0.08413078149920256
0 0.11462765957446809 0.8877591706539075 0.06702127659574468 0.06658692185007975
0 0.14335106382978724 0.8875598086124402 0.07127659574468086 0.03807814992025518
0 0.16436170212765958 0.8891547049441786 0.04202127659574468 0.05123604465709729
0 0.18723404255319148 0.8859649122807017 0.04734042553191489 0.05721690590111643
0 0.22021276595744682 0.8837719298245614 0.06382978723404255 0.06120414673046252
0 0.2574468085106383 0.884170653907496 0.0625 0.06080542264752791
0 0.20159574468085106 0.8253588516746412 0.08936170212765958 0.04784688995215311
0 0.16569148936170214 0.8279505582137161 0.07340425531914893 0.03927432216905901
0 0.1356382978723404 0.8295454545454546 0.059574468085106386 0.05701754385964912
0 0.09627659574468085 0.8263556618819776 0.09175531914893617 0.04904306220095694
0 0.07925531914893617 0.7643540669856459 0.10026595744680851 0.053229665071770335
0 0.36117021276595745 0.8602472089314195 0.1776595744680851 0.10845295055821372
0 0.324468085106383 0.7717304625199362 0.15132978723404256 0.08094098883572567
0 0.3920212765957447 0.7723285486443381 0.11063829787234042 0.06339712918660287
0 0.42021276595744683 0.7645534290271132 0.059574468085106386 0.08712121212121213
0 0.4728723404255319 0.8620414673046252 0.045744680851063826 0.20494417862838915
0 0.49707446808510636 0.8706140350877193 0.09414893617021276 0.18460925039872408
0 0.7734042553191489 0.9700956937799043 0.10106382978723404 0.05980861244019139
0 0.7173086700569857 0.8690997837981757 0.1512073037366025 0.12118733215829142
0 0.7622736740793612 0.8387885014448111 0.10855001059088418 0.21457838851971614
0 0.8100286024215199 0.8512708862124769 0.17541580711566618 0.1401958320864711
0 0.854103265910015 0.8491876448430777 0.17381387304467208 0.13969946531826602
0 0.9013848922355702 0.8482964990515559 0.1770363093570899 0.14188837110348002
0 0.9313829787234043 0.8427033492822966 0.1372340425531915 0.14952153110047847
0 0.9585106382978723 0.835725677830941 0.08297872340425531 0.15151515151515152