0 0.40389527458492974 0.033070088845014806 0.34035759897828866 0.06614017769002961
0 0.49106002554278416 0.28035538005923 0.3371647509578544 0.10562685093780849
0 0.5168202163383764 0.3101420868995461 0.25417428064789543 0.18581361008067138
0 0.5296934865900383 0.3884501480750247 0.2598978288633461 0.20236920039486672
0 0.5523627075351213 0.4666831194471866 0.21455938697318008 0.18608094768015795
0 0.5284163473818646 0.4903751233958539 0.2624521072796935 0.10710760118460019
0 0.08205619412515965 0.04565646594274432 0.1641123882503193 0.09131293188548864
0 0.10600255427841634 0.03060217176702863 0.2120051085568327 0.06120434353405726
0 0.08748403575989783 0.05848963474827246 0.17496807151979565 0.11697926949654491
0 0.0842911877394636 0.0604639684106614 0.1685823754789272 0.1209279368213228
0 0.09163473818646233 0.0700888450148075 0.18326947637292465 0.140177690029615
0 0.09195402298850575 0.07675222112537018 0.1839080459770115 0.15350444225074036
0 0.11973180076628352 0.08341559723593288 0.23946360153256704 0.08292201382033564
0 0.09482758620689655 0.0974827245804541 0.1896551724137931 0.16436327739387957
0 0.12484035759897828 0.10809476801579466 0.24968071519795657 0.08588351431391905
0 0.09897828863346105 0.12290227048371175 0.1979565772669221 0.16386969397828233
0 0.12994891443167306 0.1362290227048371 0.2598978288633461 0.07601184600197433
0 0.10504469987228608 0.14881539980256664 0.21008939974457216 0.16436327739387957
0 0.10887611749680715 0.16535044422507403 0.2177522349936143 0.17374136229022705
0 0.14559386973180077 0.22137216189536033 0.29118773946360155 0.12191510365251727
0 0.16251596424010217 0.29516288252714706 0.32503192848020435 0.1549851924975321
0 0.1749740041655952 0.3745568365804023 0.30024882208180004 0.2199545228892552
0 0.21010198106300076 0.45241934013819424 0.34330199715324344 0.1387089183454534
0 0.22828863346104725 0.4903751233958539 0.2994891443167305 0.1386969397828233
0 0.26979565772669223 0.5417077986179665 0.2598978288633461 0.03603158933859822
0 0.55970625798212 0.5024679170779862 0.19987228607918264 0.11451135241855874
0 0.7104086845466155 0.06515301085883514 0.10153256704980843 0.1125370187561698
0 0.7199872286079183 0.12857847976307996 0.1206896551724138 0.10019743336623889
0 0.7426564495530013 0.2611056268509378 0.16602809706257982 0.08292201382033564
0 0.7401021711366539 0.3010858835143139 0.16091954022988506 0.16683119447186576
0 0.7436143039591315 0.3477295162882527 0.16794380587484037 0.13968410661401776
0 0.7474457215836526 0.37265547877591315 0.1756066411238825 0.1372161895360316
0 0.7544699872286079 0.4012833168805528 0.1896551724137931 0.15301085883514315
0 0.9150702426564495 0.2806021717670286 0.1698595146871009 0.16633761105626851
0 0.8962324393358876 0.056762092793682134 0.20753512132822477 0.11352418558736427
0 0.9655172413793104 0.5069101678183613 0.06896551724137931 0.10562685093780849
0 0.08684546615581099 0.62142152023692 0.17369093231162197 0.12339585389930899
0 0.12675606641123882 0.620187561697927 0.25351213282247764 0.1209279368213228
0 0.13378033205619413 0.6628825271470878 0.26756066411238827 0.1362290227048371
0 0.109514687100894 0.7309970384995064 0.219029374201788 0.25370187561697927
0 0.13282247765006386 0.7843040473840079 0.2656449553001277 0.24679170779861798
0 0.14016602809706258 0.8563672260612043 0.28033205619412516 0.25172754195459035
0 0.18358876117496808 0.9183119447186574 0.36717752234993617 0.15153010858835142
0 0.19029374201787994 0.9582922013820335 0.38058748403575987 0.08341559723593288
0 0.1768837803320562 0.9538499506416585 0.3537675606641124 0.09230009871668311
0 0.4875478927203065 0.5942744323790721 0.28033205619412516 0.06910167818361303
0 0.5009578544061303 0.601431391905232 0.24968071519795657 0.08341559723593288
0 0.5051085568326947 0.618213228035538 0.2720306513409962 0.11697926949654491
0 0.5319284802043422 0.6221618953603159 0.24265644955300128 0.12487660414610069
0 0.5788633461047255 0.6781836130306022 0.1615581098339719 0.0700888450148075
0 0.5938697318007663 0.7013820335636722 0.13154533844189017 0.13228035538005922
0 0.5849297573435505 0.7243336623889437 0.14942528735632185 0.07255676209279369
0 0.5517241379310345 0.760365251727542 0.21583652618135377 0.18904244817374136
0 0.5644955300127714 0.777147087857848 0.19029374201787994 0.08341559723593288
0 0.5954661558109834 0.7998519249753209 0.12835249042145594 0.15054294175715696
0 0.5996168582375478 0.8205824284304047 0.12005108556832694 0.14659427443237907
0 0.5708812260536399 0.8479763079960513 0.17752234993614305 0.07601184600197433
0 0.566411238825032 0.87142152023692 0.18646232439335889 0.09822309970384994
0 0.561941251596424 0.9136229022704837 0.19540229885057472 0.1727541954590326
0 0.8639846743295019 0.6522704837117473 0.2720306513409962 0.18509378084896347
0 0.8745210727969349 0.7329713721618953 0.2509578544061303 0.21717670286278382
0 0.8955938697318008 0.8568608094768015 0.20881226053639848 0.2073050345508391