0 0.5118110236220472 0.20765472312703584 0.03543307086614173 0.1753528773072747
0 0.5059055118110236 0.20819761129207384 0.047244094488188976 0.16340933767643864
0 0.49376640419947504 0.20412595005428882 0.07152230971128609 0.1758957654723127
0 0.5219816272965879 0.20412595005428882 0.015091863517060367 0.2703583061889251
0 0.47998687664041995 0.20222584147665582 0.09908136482939632 0.16015200868621063
0 0.4701443569553806 0.20466883821932683 0.11876640419947507 0.16178067318132464
0 0.45636482939632544 0.20874049945711184 0.1463254593175853 0.17969598262757872
0 0.44881889763779526 0.20656894679695983 0.16141732283464566 0.17209554831704668
0 0.4406167979002625 0.20575461454940283 0.1778215223097113 0.1748099891422367
0 0.432742782152231 0.20765472312703584 0.19356955380577429 0.16992399565689467
0 0.41573373726629637 0.20438865621291438 0.2073049787855803 0.17734715196259415
0 0.39859699965937107 0.205655672659079 0.19312450792402605 0.16521591355472967
0 0.37709970749785754 0.20941099587693685 0.21270706292331526 0.1819685761179713
0 0.3017966410581288 0.2103135510352961 0.24311287873628892 0.2085069751570052
0 0.2006513096006534 0.20767035428533015 0.23971748361199027 0.20507569689485647
0 0.1141732283464567 0.20846905537459284 0.2283464566929134 0.2301845819761129
0 0.023622047244094488 0.20249728555917482 0.047244094488188976 0.2747014115092291
0 0.7551380635897397 0.22173472735631441 0.15598517947709778 0.13344362248651234
0 0.6875623080215765 0.21787992827223013 0.17624299499360413 0.15077396306917623
0 0.6250927022488273 0.2183751092610039 0.16611408723535095 0.14210879277784422
0 0.5912073490813649 0.21715526601520088 0.12335958005249344 0.14223669923995658
0 0.5623359580052494 0.21905537459283386 0.06561679790026247 0.15472312703583063
0 0.7627952755905512 0.0247014115092291 0.09908136482939632 0.0494028230184582
0 0.7411417322834646 0.0247014115092291 0.09383202099737532 0.0494028230184582
0 0.7155511811023622 0.03501628664495114 0.03608923884514436 0.07003257328990228
0 0.7398293963254593 0.3990228013029316 0.09776902887139108 0.10097719869706841
0 0.6781496062992126 0.4014657980456026 0.08858267716535433 0.09609120521172639
0 0.618766404199475 0.4174809989142237 0.1784776902887139 0.06406080347448426
0 0.583989501312336 0.4161237785016287 0.1089238845144357 0.06677524429967427
0 0.47112860892388453 0.6948968512486428 0.1167979002624672 0.2301845819761129
0 0.43832020997375326 0.6946254071661238 0.18241469816272965 0.23181324647122692
0 0.3937007874015748 0.6929967426710097 0.27165354330708663 0.24375678610206297
0 0.23946320764226842 0.6900466970876433 0.29101819038225846 0.24843633820590053
0 0.15979958664795138 0.6934375590176958 0.2802522071832169 0.24027926622522253
0 0.10334645669291338 0.6913680781758957 0.20669291338582677 0.23724212812160694
0 0.9461942257217848 0.8925081433224755 0.10761154855643044 0.21498371335504887
0 0.9212598425196851 0.8908794788273615 0.15748031496062992 0.2182410423452769
0 0.8933727034120735 0.8878935939196525 0.21325459317585302 0.22421281216069489
0 0.8717191601049868 0.8517915309446255 0.10170603674540682 0.2964169381107492
0 0.833989501312336 0.8922366992399565 0.2847769028871391 0.21552660152008687
0 0.7877296587926509 0.8876221498371335 0.30249343832021 0.2247557003257329
0 0.7486876640419947 0.8876221498371335 0.29658792650918636 0.2247557003257329
0 0.7224409448818898 0.8881650380021715 0.29133858267716534 0.22366992399565688
0 0.6988188976377953 0.8865363735070575 0.2952755905511811 0.2269272529858849
0 0.6745406824146981 0.8887079261672095 0.28346456692913385 0.22258414766558088
0 0.6368110236220472 0.8808360477741585 0.21456692913385828 0.23832790445168295
0 0.6053149606299213 0.8870792616720955 0.1515748031496063 0.2258414766558089
0 0.594488188976378 0.8892508143322475 0.12992125984251968 0.22149837133550487
0 0.5538057742782152 0.8838219326818675 0.048556430446194225 0.23235613463626492