0 0.11589195979899497 0.42772317772317775 0.06595477386934673 0.04688779688779689
0 0.23555276381909548 0.3923013923013923 0.16551507537688442 0.11773136773136773
0 0.34045226130653267 0.40683865683865683 0.16488693467336685 0.11732186732186732
0 0.4478643216080402 0.4135954135954136 0.16268844221105527 0.1122031122031122
0 0.5565326633165829 0.41093366093366096 0.10804020100502512 0.11732186732186732
0 0.5844849246231156 0.20147420147420148 0.11494974874371859 0.10626535626535627
0 0.49528894472361806 0.19696969696969696 0.14855527638190955 0.10524160524160524
0 0.38347989949748745 0.1844799344799345 0.10835427135678392 0.14434889434889434
0 0.27638190954773867 0.1803849303849304 0.13190954773869346 0.09377559377559377
0 0.1708542713567839 0.1552006552006552 0.1466708542713568 0.10483210483210484
0 0.7160804020100503 0.1938984438984439 0.13316582914572864 0.2805077805077805
0 0.7779522613065326 0.2024979524979525 0.25690954773869346 0.18796068796068796
0 0.871859296482412 0.20823095823095822 0.2562814070351759 0.18796068796068796
0 0.9685929648241206 0.22338247338247338 0.06281407035175879 0.28378378378378377
0 0.9528894472361809 0.2242014742014742 0.0942211055276382 0.17649467649467648
0 0.8291457286432161 0.03132678132678133 0.18216080402010051 0.06265356265356266
0 0.04271356783919598 0.8904586404586404 0.08542713567839195 0.21171171171171171
0 0.08793969849246232 0.9062244062244063 0.0942211055276382 0.18755118755118755
0 0.1397613065326633 0.9115479115479116 0.09108040201005026 0.1769041769041769
0 0.19566582914572864 0.9115479115479116 0.09610552763819095 0.1769041769041769
0 0.2616206030150754 0.9131859131859131 0.11243718592964824 0.17362817362817362
0 0.3297738693467337 0.9135954135954136 0.10427135678391959 0.17280917280917282
0 0.6133793969849246 0.943079443079443 0.0722361809045226 0.11384111384111384
0 0.5775753768844221 0.9244471744471745 0.08982412060301508 0.1511056511056511
0 0.5210427135678392 0.9502457002457002 0.08605527638190955 0.09950859950859951
0 0.4645100502512563 0.9623259623259623 0.09233668341708542 0.07534807534807535
0 0.5163562682473215 0.7529835701822367 0.06790315492250629 0.12322346447427662
0 0.5667728217677339 0.7416072406685545 0.08102691642192407 0.15259833908367854
0 0.6130653266331658 0.7225634725634725 0.0728643216080402 0.20024570024570024
0 0.6359924623115578 0.7258394758394758 0.02701005025125628 0.19369369369369369
0 0.6661432160804021 0.7889025389025389 0.03329145728643216 0.2502047502047502
0 0.6875 0.795045045045045 0.07600502512562814 0.24283374283374284
0 0.6994346733668342 0.9692874692874693 0.09987437185929648 0.06142506142506143
0 0.7817777229430476 0.8201597349792019 0.08675055438339482 0.21407345809788528
0 0.8206419355040373 0.8476487495586059 0.07833305263907551 0.16969724110440462
0 0.8886106945233146 0.8020784390868274 0.125060724610762 0.2751877407621125
0 0.9673366834170855 0.8626126126126126 0.06532663316582915 0.16666666666666666
0 0.9886934673366834 0.8458230958230958 0.022613065326633167 0.21171171171171171