0 0.405189620758483 0.09042553191489362 0.056387225548902194 0.07059961315280464
0 0.31786427145708585 0.13346228239845262 0.0998003992015968 0.20720502901353965
0 0.24001996007984033 0.10855899419729206 0.09181636726546906 0.19922630560928434
0 0.16117764471057885 0.097678916827853 0.09830339321357286 0.195357833655706
0 0.08682634730538923 0.07640232108317214 0.12025948103792415 0.1528046421663443
0 0.0658682634730539 0.3757253384912959 0.09481037924151696 0.15473887814313347
0 0.13023952095808383 0.3882978723404255 0.12874251497005987 0.16005802707930367
0 0.2125748502994012 0.4102998065764023 0.1282435129740519 0.16005802707930367
0 0.29141716566866266 0.42093810444874274 0.08832335329341318 0.17625725338491297
0 0.36926147704590817 0.4598646034816248 0.12275449101796407 0.1528046421663443
0 0.8473053892215568 0.2681334622823984 0.06786427145708583 0.10880077369439071
0 0.8153692614770459 0.2594294003868472 0.06786427145708583 0.13031914893617022
0 0.7864271457085829 0.2545938104448743 0.05439121756487026 0.12088974854932302
0 0.7604790419161677 0.24927466150870406 0.05788423153692615 0.12403288201160542
0 0.7305389221556886 0.24443907156673114 0.0998003992015968 0.10009671179883946
0 0.8692614770459082 0.14216634429400388 0.05588822355289421 0.05585106382978723
0 0.8587824351297405 0.14168278529980657 0.05439121756487026 0.05440038684719536
0 0.8468063872255489 0.1402321083172147 0.053393213572854294 0.05367504835589942
0 0.8193612774451098 0.40981624758220503 0.07984031936127745 0.14216634429400388
0 0.7904191616766467 0.40377176015473887 0.09730538922155689 0.097678916827853
0 0.7589820359281437 0.4008704061895551 0.0688622754491018 0.13273694390715668
0 0.7290419161676647 0.39119922630560927 0.06487025948103792 0.13733075435203096
0 0.7025948103792415 0.38563829787234044 0.05888223552894212 0.12403288201160542
0 0.6751497005988024 0.3822533849129594 0.06037924151696607 0.13322050290135395
0 0.6482035928143712 0.37379110251450676 0.06437125748502993 0.1380560928433269
0 0.6187624750499002 0.3696808510638298 0.06337325349301397 0.13031914893617022
0 0.593313373253493 0.36363636363636365 0.0499001996007984 0.11919729206963249
0 0.5693612774451098 0.35735009671179885 0.06387225548902195 0.1349129593810445
0 0.5424151696606786 0.3539651837524178 0.06037924151696607 0.12790135396518376
0 0.8018962075848304 0.5398936170212766 0.0593812375249501 0.13249516441005801
0 0.7744510978043913 0.5319148936170213 0.0593812375249501 0.13104448742746616
0 0.7475049900199601 0.5253868471953579 0.0593812375249501 0.13322050290135395
0 0.7160678642714571 0.5210348162475822 0.06536926147704591 0.1356382978723404
0 0.6836327345309381 0.5118471953578336 0.06536926147704591 0.14119922630560927
0 0.659181636726547 0.5070116054158608 0.05089820359281437 0.12620889748549324
0 0.6392215568862275 0.5084622823984526 0.05089820359281437 0.11605415860735009
0 0.6137724550898204 0.49806576402321084 0.05788423153692615 0.1317698259187621
0 0.5868263473053892 0.49250483558994196 0.06487025948103792 0.13950676982591875
0 0.56187624750499 0.4888781431334623 0.06187624750499002 0.1387814313346228
0 0.47954091816367267 0.7964216634429401 0.018463073852295408 0.0913926499032882
0 0.46956087824351295 0.7947292069632496 0.038922155688622756 0.09090909090909091
0 0.45209580838323354 0.7920696324951644 0.07385229540918163 0.08970019342359768
0 0.4301397205588822 0.7903771760154739 0.09780439121756487 0.09235976789168278
0 0.3967065868263473 0.7874758220502901 0.1721556886227545 0.06818181818181818
0 0.3602794411177645 0.784816247582205 0.16666666666666666 0.06673114119922631
0 0.27844311377245506 0.7770793036750484 0.16467065868263472 0.06600580270793037
0 0.2405189620758483 0.77321083172147 0.1721556886227545 0.06890715667311412
0 0.20359281437125748 0.7722437137330754 0.11976047904191617 0.09332688588007737
0 0.16467065868263472 0.7671663442940039 0.15768463073852296 0.06382978723404255
0 0.12574850299401197 0.7630560928433269 0.1062874251497006 0.09187620889748549
0 0.46457085828343314 0.8953094777562862 0.04890219560878244 0.08317214700193423
0 0.4351297405189621 0.8931334622823984 0.10778443113772455 0.08679883945841392
0 0.37924151696606784 0.8846711798839458 0.11127744510978044 0.081963249516441
0 0.3318363273453094 0.8846711798839458 0.08982035928143713 0.08462282398452611
0 0.29840319361277445 0.8766924564796905 0.08283433133732535 0.07519342359767892
0 0.2564870259481038 0.8762088974854932 0.08582834331337326 0.08099613152804643
0 0.21357285429141717 0.8733075435203095 0.08782435129740519 0.08172147001934237
0 0.18113772455089822 0.8687137330754352 0.0783433133732535 0.07736943907156674
0 0.14321357285429143 0.867504835589942 0.09181636726546906 0.086073500967118
0 0.08283433133732535 0.8604932301740812 0.09930139720558882 0.08172147001934237
0 0.9131736526946108 0.9185203094777563 0.17365269461077845 0.16295938104448743
0 0.9336327345309381 0.8909574468085106 0.13273453093812376 0.21808510638297873
0 0.8942115768463074 0.8844294003868471 0.21157684630738524 0.2311411992263056
0 0.8537924151696606 0.8800773694390716 0.28043912175648705 0.23984526112185686
0 0.7470059880239521 0.8759671179883946 0.282435129740519 0.24806576402321084
0 0.687125748502994 0.8728239845261122 0.2744510978043912 0.25435203094777564
0 0.6297405189620758 0.8677466150870407 0.281437125748503 0.26450676982591875
0 0.5883233532934131 0.866779497098646 0.19860279441117765 0.2664410058027079
0 0.5663672654690619 0.8636363636363636 0.15469061876247506 0.2727272727272727
0 0.5479041916167665 0.8604932301740812 0.11776447105788423 0.2790135396518375
0 0.530938123752495 0.8602514506769826 0.08383233532934131 0.27949709864603484