0 0.1666610533994589 0.08097768290624587 0.32635436817898467 0.09626443103522535
0 0.16831806159991725 0.09649463365791247 0.32013936589111347 0.08130520701486517
0 0.13752104684271044 0.17063080460995458 0.26930029334714106 0.18185450554450472
0 0.14858012170385396 0.21722972972972973 0.2971602434077079 0.08986486486486486
0 0.14452332657200812 0.23006756756756758 0.28904665314401623 0.06959459459459459
0 0.11836961678181933 0.24255909348693655 0.22645612615438263 0.15281561307765776
0 0.14503042596348883 0.2537162162162162 0.29006085192697767 0.09121621621621621
0 0.11257606490872211 0.26554054054054055 0.22515212981744423 0.15945945945945947
0 0.6338742393509128 0.024662162162162164 0.23935091277890466 0.04932432432432433
0 0.6308316430020284 0.043243243243243246 0.16227180527383367 0.08648648648648649
0 0.6313387423935092 0.05168918918918919 0.1592292089249493 0.10337837837837838
0 0.6188032061655224 0.06427286038818307 0.2419811548080298 0.07266183208690705
0 0.6128301217501149 0.0772050573815164 0.2337672571338045 0.06104953339309322
0 0.6063794401227953 0.09352349601618606 0.233826261492942 0.06780629014984997
0 0.8087629272230767 0.2123612400813361 0.17239676798991033 0.11684697206897905
0 0.8008647028702368 0.23714921445082562 0.20939698416316055 0.05729371839273285
0 0.7869343897428519 0.2681126290568917 0.17851146286724776 0.1203197096028529
0 0.7675764444249795 0.316392269285225 0.16525607345778384 0.11200715665783789
0 0.9503042596348884 0.2587837837837838 0.09939148073022312 0.14189189189189189
0 0.7380148947974997 0.415850551549189 0.21046428686934587 0.0633905259997299
0 0.7357419672382578 0.4459574354315464 0.2340268763140092 0.09077926312282283
0 0.7167731125935912 0.4807156988834082 0.21555298209189425 0.06549618565633643
0 0.7099391480730223 0.49527027027027026 0.14198782961460446 0.0891891891891892
0 0.7094320486815415 0.5121621621621621 0.24036511156186613 0.05540540540540541
0 0.9290060851926978 0.45675675675675675 0.14198782961460446 0.12027027027027028
0 0.9072008113590264 0.4983108108108108 0.18559837728194725 0.0831081081081081
0 0.5228194726166329 0.43344594594594593 0.1876267748478702 0.11689189189189189
0 0.5432877141775946 0.24452213041184678 0.22292969406057087 0.09736302809450462
0 0.07505070993914807 0.5537162162162163 0.15010141987829614 0.027702702702702704
0 0.23574061484985154 0.6529017806218766 0.17239676798991022 0.11684697206897914
0 0.22784239049701163 0.6776897549913662 0.20939698416316066 0.05729371839273285
0 0.21391207736962672 0.7086531695974323 0.17851146286724776 0.12031970960285282
0 0.19455413205175437 0.7569328098257655 0.16525607345778384 0.11200715665783804
0 0.37829614604462475 0.6993243243243243 0.10141987829614604 0.14189189189189189
0 0.16499258242427456 0.8563910920897296 0.21046428686934587 0.0633905259997299
0 0.1627196548650327 0.8864979759720869 0.2340268763140093 0.09077926312282283
0 0.1437508002203661 0.9212562394239487 0.21555298209189436 0.06549618565633643
0 0.13783081972818226 0.9402695174983632 0.14179969185956767 0.09678058169690697
0 0.13700248467650386 0.9615690278080629 0.23994685680619315 0.07195470335939938
0 0.35699797160243407 0.8972972972972973 0.1440162271805274 0.12027027027027028
0 0.3351926977687627 0.9483108108108108 0.1876267748478702 0.10202702702702703
0 0.0218052738336714 0.8739864864864865 0.0436105476673428 0.11689189189189189
0 0.04056795131845842 0.6844594594594594 0.08113590263691683 0.0972972972972973
0 0.84026369168357 0.5753378378378379 0.24036511156186613 0.07094594594594594
0 0.6267748478701826 0.5949324324324324 0.2028397565922921 0.11013513513513513
0 0.8147769765927789 0.6199273479840538 0.18871835549191357 0.12790940729444467
0 0.6015536523955102 0.6536431870947597 0.1841895254869678 0.0737924471367269
0 0.5911346821750509 0.6801596669682282 0.14947074942972835 0.046230718228558676
0 0.5791177081132709 0.6979159528467866 0.14240086012856684 0.049499010925525624
0 0.5783041241513768 0.7209046523456756 0.12342610504798639 0.08298399071690704
0 0.5709720035491551 0.7524415202089639 0.16690094268931302 0.06811969079075074
0 0.5555469442089399 0.7864690651444444 0.13567319611040274 0.09195649281168176
0 0.731421926514047 0.7736053777628977 0.13567319611040274 0.09195649281168176
0 0.7387304453726138 0.7393658071969068 0.12139180704614978 0.08227686198939944
0 0.7465932671099712 0.7105237787733631 0.157743651463091 0.06459977367912932
0 0.7701378171497919 0.677046097306231 0.1770783331344102 0.07233101010396412
0 0.9249492900608519 0.7016891891891892 0.15010141987829614 0.06554054054054054
0 0.5740365111561866 0.9037162162162162 0.29006085192697767 0.19256756756756757
0 0.8250121116645645 0.920822912553198 0.2526836840494505 0.13700828653525549
0 0.7956389452332657 0.9628378378378378 0.1795131845841785 0.07432432432432433