0 0.2689873417721519 0.38377808988764045 0.12025316455696203 0.0723314606741573
0 0.9251054852320675 0.30372191011235955 0.14926160337552744 0.09655898876404495
0 0.9572784810126582 0.18469101123595505 0.08544303797468354 0.08742977528089887
0 0.9203586497890295 0.30407303370786515 0.15875527426160338 0.13026685393258428
0 0.8491561181434599 0.29634831460674155 0.21677215189873417 0.08462078651685394
0 0.9166666666666666 0.175561797752809 0.16666666666666666 0.11657303370786516
0 0.7969409282700421 0.22823033707865167 0.4061181434599156 0.16748595505617977
0 0.745253164556962 0.22191011235955055 0.32436708860759494 0.1271067415730337
0 0.580168776371308 0.2615870786516854 0.2779535864978903 0.10849719101123595
0 0.6460970464135021 0.1425561797752809 0.24261603375527427 0.09480337078651685
0 0.5574894514767933 0.13237359550561797 0.1729957805907173 0.12394662921348315
0 0.49630801687763715 0.24894662921348315 0.25738396624472576 0.10007022471910113
0 0.3876582278481013 0.22893258426966293 0.06487341772151899 0.07900280898876405
0 0.24208860759493672 0.9543539325842697 0.17405063291139242 0.09129213483146068
0 0.1350210970464135 0.9452247191011236 0.2552742616033755 0.10955056179775281
0 0.052742616033755275 0.9322331460674157 0.10548523206751055 0.13553370786516855
0 0.24367088607594936 0.8160112359550562 0.17088607594936708 0.17415730337078653
0 0.1715531086402295 0.7950791967399969 0.16760344041139857 0.19440747634022823
0 0.09335443037974683 0.7622893258426966 0.18670886075949367 0.1622191011235955
0 0.028481012658227847 0.7436797752808989 0.056962025316455694 0.20786516853932585
0 0.028481012658227847 0.5586376404494382 0.056962025316455694 0.14957865168539325
0 0.08122362869198312 0.5793539325842697 0.16244725738396623 0.19241573033707865
0 0.1924365388240859 0.6067192218004797 0.1579484075588386 0.17849944664985684
0 0.2742616033755274 0.6327247191011236 0.10970464135021098 0.17275280898876405
0 0.9055907172995781 0.8132022471910112 0.18881856540084388 0.33286516853932585
0 0.9588607594936709 0.8117977528089888 0.08227848101265822 0.37640449438202245
0 0.9477848101265823 0.8103932584269663 0.10443037974683544 0.1699438202247191
0 0.8765822784810127 0.8019662921348315 0.2468354430379747 0.33286516853932585
0 0.9430379746835443 0.7988061797752809 0.11392405063291139 0.3082865168539326
0 0.8860759493670886 0.7935393258426966 0.22784810126582278 0.2443820224719101
0 0.933509092052578 0.7960816702245621 0.07457773350314857 0.12012711774082738
0 0.9093602963304022 0.7895250277316287 0.14653779205206893 0.10026338876753207
0 0.8412447257383966 0.78125 0.31751054852320676 0.2773876404494382
0 0.8668091101821651 0.7760247772028358 0.25200059693802784 0.1724226458350741
0 0.8375527426160337 0.7700140449438202 0.32489451476793246 0.22542134831460675
0 0.8160402353389199 0.7648749239499637 0.19936103219872198 0.35765840831210305
0 0.7534192138640569 0.7499343950413704 0.1376567137458829 0.094186819751318
0 0.72793691076506 0.746451879003964 0.09378620514569305 0.12396793735315174
0 0.7058701784504351 0.7396587607875561 0.5217080680208295 0.3562961825115648
0 0.690694355608463 0.7136613127109575 0.17862707864498123 0.26772780388547435
0 0.617432916352831 0.7236649190420879 0.12922383784866642 0.24056957507938256
0 0.5928396181717147 0.7181329853676635 0.14226007209733402 0.2727439380350433
0 0.5758536588238719 0.7091686216627937 0.14226007209733402 0.2727439380350433
0 0.5507306917642629 0.7102507123669605 0.07202576912101318 0.11439449234070645
0 0.5271922459038217 0.7047761026285516 0.07313141847297613 0.12843943616093123
0 0.5047915760654528 0.7004121876126751 0.1415369145822478 0.2769000972450952
0 0.48272484375082797 0.693619069396267 0.06264714860644394 0.10199769860539133
0 0.41599722064661593 0.673211052779035 0.12457562513411184 0.19486618372763667