0 0.501044921875 0.23666015625 0.619833984375 0.06595052083333333
0 0.325947265625 0.3755598958333333 0.303125 0.010794270833333333
0 0.324169921875 0.386640625 0.3170703125 0.011686197916666667
0 0.658935546875 0.3698828125 0.307822265625 0.018040364583333333
0 0.66556640625 0.38410807291666665 0.30669921875 0.013033854166666666
0 0.321796875 0.46285156250000004 0.308779296875 0.0421484375
0 0.660146484375 0.45798828125 0.32978515625 0.04171223958333333
0 0.314345703125 0.5044205729166666 0.30783203125 0.015533854166666666
0 0.31615234375 0.5187499999999999 0.310771484375 0.007884114583333332
0 0.319521484375 0.5302604166666667 0.31798828125 0.012766927083333332
0 0.316748046875 0.5425260416666667 0.32353515625 0.010559895833333333
0 0.31677734375 0.5545963541666666 0.315107421875 0.012467447916666666
0 0.66314453125 0.5035872395833333 0.330185546875 0.013873697916666665
0 0.663955078125 0.5160677083333333 0.326669921875 0.00953125
0 0.664873046875 0.5280338541666666 0.333203125 0.01349609375
0 0.664169921875 0.53904296875 0.33740234375 0.015657552083333335
0 0.661748046875 0.5510221354166667 0.32548828125 0.014029947916666667