0 0.27356406480117823 0.040364583333333336 0.38365243004418265 0.08072916666666667
0 0.2698821796759941 0.016145833333333335 0.5397643593519882 0.03229166666666667
0 0.2603092783505155 0.05703125 0.3703976435935199 0.1140625
0 0.25589101620029453 0.06666666666666667 0.37187039764359353 0.13333333333333333
0 0.24079528718703977 0.11015625 0.4108983799705449 0.2203125
0 0.25699558173784975 0.11536458333333334 0.5139911634756995 0.1421875
0 0.2299645149891261 0.13411458333333334 0.37240168537641727 0.2520833333333333
0 0.20986745213549338 0.20234375 0.4020618556701031 0.2546875
0 0.20213549337260678 0.21614583333333334 0.40427098674521356 0.22708333333333333
0 0.20471281296023564 0.22916666666666666 0.40942562592047127 0.20104166666666667
0 0.06332842415316642 0.2786458333333333 0.12665684830633284 0.10208333333333333
0 0.07474226804123711 0.30416666666666664 0.14948453608247422 0.051041666666666666
0 0.054491899852724596 0.2989583333333333 0.10898379970544919 0.06145833333333333
0 0.31406480117820323 0.3171875 0.3114874815905744 0.025
0 0.31038291605301915 0.30755208333333334 0.20986745213549338 0.044270833333333336
0 0.30670103092783507 0.3145833333333333 0.21723122238586157 0.030208333333333334
0 0.6899852724594993 0.025260416666666667 0.22091310751104565 0.050520833333333334
0 0.687039764359352 0.038802083333333334 0.21502209131075112 0.07760416666666667
0 0.6826215022091311 0.04505208333333333 0.20618556701030927 0.09010416666666667
0 0.625920471281296 0.15807291666666667 0.09278350515463918 0.22135416666666666
0 0.6634756995581738 0.17838541666666666 0.16789396170839468 0.0921875
0 0.6244477172312224 0.19791666666666666 0.0898379970544919 0.23333333333333334
0 0.6185567010309279 0.21875 0.0780559646539028 0.221875
0 0.6513254786450663 0.23958333333333334 0.14359351988217967 0.08541666666666667
0 0.1800441826215022 0.3651041666666667 0.21575846833578793 0.07083333333333333
0 0.16973490427098675 0.3572916666666667 0.30412371134020616 0.05520833333333333
0 0.162087306042363 0.36744791666666665 0.29792512682350836 0.07135416666666666
0 0.15604375862913333 0.39036458333333335 0.29376316066663744 0.06302083333333333
0 0.4292833567582891 0.5572916666666666 0.22761548058662004 0.1546875
0 0.42170579222075844 0.5919270833333333 0.2750836894603932 0.058333333333333334
0 0.40655316903623 0.6356770833333333 0.24524226864551646 0.16666666666666666
0 0.3864915690405076 0.7028645833333333 0.23298015521324075 0.15833333333333333
0 0.35702270564110306 0.8432291666666667 0.20155848954303396 0.13697916666666668
0 0.3564926052316296 0.88515625 0.3064128340466257 0.10364583333333334
0 0.33505154639175255 0.9309895833333334 0.21354933726067746 0.13802083333333334
0 0.32952871870397643 0.94453125 0.20986745213549338 0.1109375
0 0.33026509572901325 0.9703125 0.3232695139911635 0.059375
0 0.5482326951399117 0.9013020833333333 0.0625920471281296 0.16197916666666667
0 0.5187776141384389 0.9494791666666667 0.12150220913107511 0.10104166666666667
0 0.09204712812960236 0.86796875 0.18409425625920472 0.1984375
0 0.10714285714285714 0.6018229166666667 0.21428571428571427 0.17135416666666667
0 0.9484536082474226 0.5880208333333333 0.10309278350515463 0.16354166666666667
0 0.9248895434462445 0.7755208333333333 0.15022091310751104 0.14166666666666666
0 0.9215758468335787 0.8390625 0.1568483063328424 0.14791666666666667
0 0.9123711340206185 0.9091145833333333 0.17525773195876287 0.1484375