0 0.06329449152542373 0.3845338983050847 0.12658898305084745 0.1705508474576271
0 0.09322033898305085 0.3903601694915254 0.1861758474576271 0.18114406779661016
0 0.11520127118644068 0.3871822033898305 0.23040254237288135 0.17452330508474576
0 0.14141949152542374 0.3853283898305085 0.2828389830508475 0.1753177966101695
0 0.19014830508474576 0.3840042372881356 0.350635593220339 0.18564618644067796
0 0.2301377118644068 0.3829449152542373 0.3302436440677966 0.1750529661016949
0 0.2796610169491525 0.3800317796610169 0.3842690677966102 0.20365466101694915
0 0.321239406779661 0.3765889830508475 0.1520127118644068 0.2817796610169492
0 0.3490466101694915 0.3744703389830508 0.18935381355932204 0.2844279661016949
0 0.3742055084745763 0.3723516949152542 0.18140889830508475 0.2873411016949153
0 0.4001588983050847 0.3712923728813559 0.1731991525423729 0.2828389830508475
0 0.4653072033898305 0.3691737288135593 0.279396186440678 0.1798199152542373
0 0.4872881355932203 0.3657309322033898 0.2367584745762712 0.18114406779661016
0 0.4994703389830508 0.3683792372881356 0.21159957627118645 0.17929025423728814
0 0.7542372881355932 0.3011122881355932 0.05111228813559322 0.1763771186440678
0 0.7796610169491526 0.2915783898305085 0.052171610169491525 0.180614406779661
0 0.8021716101694916 0.2852224576271186 0.05190677966101695 0.17929025423728814
0 0.8268008474576272 0.2748940677966102 0.053760593220338986 0.18564618644067796
0 0.8501059322033898 0.2693326271186441 0.04925847457627119 0.17002118644067796
0 0.7682733050847458 0.5699152542372882 0.0791843220338983 0.2735699152542373
0 0.8220338983050848 0.550582627118644 0.08501059322033898 0.2955508474576271
0 0.8784427966101694 0.5489936440677966 0.09427966101694915 0.3416313559322034
0 0.4790783898305085 0.7558262711864406 0.23146186440677965 0.07203389830508475
0 0.4295550847457627 0.7539724576271186 0.21610169491525424 0.06832627118644068
0 0.3845338983050847 0.755031779661017 0.2097457627118644 0.0704449152542373
0 0.3384533898305085 0.7552966101694916 0.2044491525423729 0.07097457627118645
0 0.2923728813559322 0.760593220338983 0.22351694915254236 0.0815677966101695
0 0.6758474576271186 0.8564618644067796 0.07203389830508475 0.2733050847457627
0 0.6885593220338984 0.8546080508474576 0.09745762711864407 0.2695974576271186
0 0.7004766949152542 0.8538135593220338 0.12129237288135593 0.2680084745762712
0 0.7121292372881356 0.8522245762711864 0.14459745762711865 0.2648305084745763
0 0.7264300847457628 0.8527542372881356 0.1731991525423729 0.2658898305084746
0 0.7425847457627118 0.8519597457627118 0.2055084745762712 0.2643008474576271
0 0.7502648305084746 0.8458686440677966 0.2208686440677966 0.2521186440677966
0 0.7653601694915254 0.8461334745762712 0.2510593220338983 0.2526483050847458
0 0.7820444915254238 0.8477224576271186 0.2844279661016949 0.2558262711864407
0 0.7966101694915254 0.8453389830508474 0.3135593220338983 0.2510593220338983
0 0.8151483050847458 0.845603813559322 0.3400423728813559 0.2515889830508475
0 0.8411016949152542 0.838718220338983 0.3156779661016949 0.2378177966101695
0 0.8569915254237288 0.8371292372881356 0.2860169491525424 0.2346398305084746
0 0.8689088983050848 0.841896186440678 0.2621822033898305 0.2441737288135593