0 0.31451612903225806 0.10107421875 0.27318548387096775 0.0185546875
0 0.33064516129032256 0.119140625 0.3407258064516129 0.01611328125
0 0.2923387096774194 0.134765625 0.23588709677419356 0.01123046875
0 0.3004032258064516 0.15087890625 0.2560483870967742 0.013671875
0 0.3034274193548387 0.16552734375 0.2600806451612903 0.01611328125
0 0.3215725806451613 0.1806640625 0.2923387096774194 0.01708984375
0 0.32661290322580644 0.197265625 0.31149193548387094 0.01904296875
0 0.42036290322580644 0.2138671875 0.5110887096774194 0.02197265625
0 0.28931451612903225 0.228515625 0.24193548387096775 0.01025390625
0 0.5100806451612904 0.2587890625 0.7137096774193549 0.03759765625
0 0.5282258064516129 0.29638671875 0.7116935483870968 0.03955078125
0 0.5231854838709677 0.33544921875 0.7227822580645161 0.0361328125
0 0.5241935483870968 0.373046875 0.7368951612903226 0.0302734375
0 0.5282258064516129 0.423828125 0.7368951612903226 0.03125
0 0.530241935483871 0.45166015625 0.7469758064516129 0.025390625
0 0.5282258064516129 0.486328125 0.751008064516129 0.04296875
0 0.5241935483870968 0.51513671875 0.7338709677419355 0.0224609375
0 0.5211693548387096 0.53466796875 0.7389112903225806 0.01904296875
0 0.5191532258064516 0.55224609375 0.748991935483871 0.01708984375
0 0.5191532258064516 0.5703125 0.7338709677419355 0.0224609375
0 0.5231854838709677 0.640625 0.7631048387096774 0.03955078125
0 0.5171370967741935 0.67431640625 0.7701612903225806 0.015625
0 0.5252016129032258 0.69140625 0.7772177419354839 0.01708984375
0 0.5241935483870968 0.76611328125 0.7842741935483871 0.04638671875
0 0.5171370967741935 0.7978515625 0.8054435483870968 0.02001953125
0 0.530241935483871 0.82177734375 0.7983870967741935 0.02490234375
0 0.30544354838709675 0.8681640625 0.3588709677419355 0.0205078125
0 0.3004032258064516 0.8857421875 0.3497983870967742 0.017578125
0 0.3024193548387097 0.90576171875 0.35786290322580644 0.017578125
0 0.3064516129032258 0.92431640625 0.3598790322580645 0.01708984375
0 0.30544354838709675 0.94384765625 0.3528225806451613 0.02294921875
0 0.7036290322580645 0.86669921875 0.42338709677419356 0.01708984375
0 0.7066532258064516 0.88623046875 0.41935483870967744 0.0185546875
0 0.7066532258064516 0.9052734375 0.42338709677419356 0.0166015625
0 0.7106854838709677 0.92529296875 0.4254032258064516 0.0146484375
0 0.7086693548387096 0.9453125 0.42943548387096775 0.01513671875
0 0.5262096774193549 0.97509765625 0.8034274193548387 0.03662109375