0 0.026268115942028984 0.146875 0.05253623188405797 0.059375
0 0.10114734299516909 0.2435546875 0.11956521739130435 0.0646484375
0 0.1316425120772947 0.2423828125 0.09873188405797101 0.0529296875
0 0.16998792270531402 0.2396484375 0.12379227053140096 0.0673828125
0 0.22977053140096618 0.2359375 0.06733091787439613 0.0865234375
0 0.12167874396135266 0.330859375 0.13466183574879226 0.0728515625
0 0.35144927536231885 0.2328125 0.09963768115942029 0.054296875
0 0.3873792270531401 0.234375 0.12560386473429952 0.0677734375
0 0.4311594202898551 0.2296875 0.057971014492753624 0.09140625
0 0.4544082125603865 0.22890625 0.036533816425120776 0.090234375
0 0.4797705314009662 0.23046875 0.11564009661835749 0.0625
0 0.36382850241545894 0.323828125 0.11473429951690821 0.0625
0 0.42693236714975846 0.321484375 0.14070048309178743 0.0759765625
0 0.4151570048309179 0.131640625 0.12681159420289856 0.1037109375
0 0.18478260869565216 0.1341796875 0.13405797101449277 0.0724609375
0 0.6038647342995169 0.23046875 0.06884057971014493 0.190625
0 0.6373792270531401 0.23125 0.1358695652173913 0.1984375
0 0.6182443687109515 0.22700357380458022 0.08317359909068321 0.29443602758848364
0 0.6775373220222742 0.22223488239361994 0.08365446914039967 0.2917244039039016
0 0.7337055276467424 0.21992369755974944 0.11091623553000851 0.2947013380977099
0 0.785992539171329 0.21678383377609567 0.28024979632085295 0.18604209325350105
0 0.8472584536988907 0.21506051276117252 0.2895713273737377 0.19224273798477043
0 0.8864734299516909 0.2115234375 0.22705314009661837 0.183203125
0 0.9151570048309179 0.2068359375 0.16968599033816426 0.187890625
0 0.6195652173913043 0.4353515625 0.08695652173913043 0.088671875
0 0.7361111111111112 0.43046875 0.08091787439613526 0.0984375
0 0.7817028985507246 0.430078125 0.03804347826086957 0.09921875
0 0.8043478260869565 0.4302734375 0.035024154589371984 0.098828125
0 0.8278985507246377 0.4296875 0.03743961352657005 0.1
0 0.8499396135265701 0.4296875 0.03683574879227053 0.1
0 0.8719806763285024 0.4287109375 0.03743961352657005 0.101953125
0 0.8940217391304348 0.428515625 0.035628019323671496 0.10234375
0 0.9196859903381642 0.4263671875 0.025362318840579712 0.106640625
0 0.07246376811594203 0.8228515625 0.1446256038647343 0.14296875
0 0.11654589371980677 0.8189453125 0.18478260869565216 0.1341796875
0 0.21195652173913043 0.81796875 0.13405797101449277 0.1984375
0 0.3285024154589372 0.8103515625 0.1105072463768116 0.201953125
0 0.421195652173913 0.80625 0.10869565217391304 0.205078125
0 0.4830917874396135 0.80234375 0.15066425120772947 0.1548828125
0 0.13285024154589373 0.637890625 0.11382850241545894 0.0826171875
0 0.15368357487922704 0.632421875 0.09963768115942029 0.072265625
0 0.17240338164251207 0.6341796875 0.13285024154589373 0.0962890625
0 0.19021739130434784 0.6326171875 0.025060386473429952 0.073828125
0 0.20954106280193235 0.63203125 0.06733091787439613 0.0482421875
0 0.22735507246376813 0.6314453125 0.1089975845410628 0.0791015625
0 0.2457729468599034 0.6306640625 0.0464975845410628 0.0330078125
0 0.26117149758454106 0.6296875 0.044384057971014496 0.14140625
0 0.2777777777777778 0.62734375 0.04559178743961353 0.16875
0 0.296195652173913 0.6265625 0.08907004830917874 0.0640625
0 0.3164251207729469 0.6251953125 0.12530193236714976 0.09140625
0 0.601147342995169 0.66328125 0.06340579710144928 0.09140625
0 0.6141304347826086 0.6626953125 0.08907004830917874 0.08828125
0 0.6310386473429952 0.66171875 0.03804347826086957 0.1326171875
0 0.6582125603864735 0.6615234375 0.034118357487922704 0.13671875
0 0.6868961352657005 0.659765625 0.05555555555555555 0.1396484375
0 0.7185990338164251 0.6583984375 0.12258454106280194 0.092578125
0 0.7889492753623188 0.652734375 0.11805555555555555 0.090234375
0 0.821256038647343 0.6501953125 0.11382850241545894 0.0869140625
0 0.8535628019323671 0.6509765625 0.11956521739130435 0.090234375
0 0.8867753623188406 0.6462890625 0.04528985507246377 0.1318359375
0 0.9211956521739131 0.643359375 0.11533816425120773 0.0890625
0 0.971316425120773 0.644921875 0.04468599033816425 0.0806640625
0 0.6014492753623188 0.814453125 0.06370772946859904 0.0822265625
0 0.625 0.815234375 0.1111111111111111 0.0869140625
0 0.6742149758454107 0.806640625 0.11382850241545894 0.087890625
0 0.7146739130434783 0.8103515625 0.05374396135265701 0.126953125
0 0.7445652173913043 0.8009765625 0.09601449275362318 0.072265625
0 0.7795893719806763 0.8037109375 0.10477053140096618 0.080078125
0 0.8161231884057971 0.8021484375 0.036231884057971016 0.120703125
0 0.845108695652174 0.797265625 0.030193236714975844 0.115234375
0 0.8771135265700483 0.7984375 0.03804347826086957 0.1271484375
0 0.9296497584541062 0.7923828125 0.04770531400966183 0.1201171875