0 0.0824295010845987 0.19550748752079866 0.1648590021691974 0.129783693843594
0 0.045010845986984814 0.2025790349417637 0.09002169197396963 0.14392678868552414
0 0.7519372035851247 0.04763490007318735 0.11384804433875129 0.0893058182087107
0 0.7045520293079551 0.05493917494740728 0.13282271839520973 0.10419012124349575
0 0.6610891848712998 0.058763061113232276 0.11608035893362881 0.0910569126833913
0 0.6214750542299349 0.06405990016638935 0.05639913232104121 0.1281198003327787
0 0.5768907720436713 0.06588585886234682 0.12612577461057736 0.09893683781945403
0 0.7721865455725503 0.1847134501454407 0.07255022433351807 0.05691057042711959
0 0.7570179430932871 0.18490788351479395 0.026985472663354732 0.083321939387876
0 0.7391220645683412 0.1856272914666826 0.06362096595400797 0.04990619252839717
0 0.279826464208243 0.4588186356073211 0.09978308026030369 0.326955074875208
0 0.3063991323210412 0.4750415973377704 0.046637744034707156 0.10149750415973377
0 0.29989154013015185 0.49292845257903495 0.0596529284164859 0.42678868552412647
0 0.2608459869848156 0.47545757071547423 0.13774403470715835 0.17221297836938437
0 0.22613882863340565 0.478369384359401 0.20715835140997832 0.23627287853577372
0 0.24891540130151843 0.4858569051580699 0.15075921908893708 0.41264559068219636
0 0.18298955013700813 0.4867737542819744 0.05021221164795007 0.1532019292434315
0 0.15680138837866478 0.4919798996253961 0.11942883082594484 0.09368355439541212
0 0.1648590021691974 0.49168053244592347 0.3297180043383948 0.3527454242928453
0 0.11767895878524946 0.46755407653910147 0.23535791757049893 0.19966722129783693
0 0.07646420824295011 0.5049916805324459 0.15292841648590022 0.17304492512479203
0 0.06995661605206074 0.5079034941763727 0.1399132321041215 0.19550748752079866
0 0.06290672451193059 0.5037437603993344 0.12581344902386118 0.2021630615640599
0 0.013557483731019523 0.5141430948419301 0.027114967462039046 0.08652246256239601
0 0.9126898047722343 0.7346089850249584 0.1447939262472885 0.13477537437603992
0 0.8768980477223427 0.7396006655574043 0.17190889370932755 0.1447587354409318
0 0.8020607375271149 0.752495840266223 0.18383947939262474 0.15474209650582363
0 0.7283080260303688 0.7591514143094842 0.09978308026030369 0.20465890183028287
0 0.6393709327548807 0.7732945091514143 0.18112798264642083 0.15349417637271215
0 0.5336225596529284 0.7816139767054908 0.1898047722342733 0.1605657237936772
0 0.39642082429501085 0.8011647254575707 0.1334056399132321 0.18635607321131448
0 0.4213665943600868 0.5461730449251248 0.18329718004338394 0.1805324459234609
0 0.3958785249457701 0.5511647254575707 0.13232104121475055 0.18094841930116473
0 0.5249457700650759 0.5324459234608985 0.10357917570498916 0.24792013311148087
0 0.5851409978308026 0.5341098169717138 0.20065075921908893 0.16971713810316139
0 0.6328633405639913 0.5187188019966722 0.21691973969631237 0.18302828618968386
0 0.6811279826464208 0.5178868552412645 0.11225596529284165 0.2637271214642263
0 0.7304772234273319 0.5091514143094842 0.09869848156182212 0.2699667221297837
0 0.777114967462039 0.5079034941763727 0.21258134490238612 0.18011647254575708
0 0.8297180043383948 0.4987520798668885 0.2077006507592191 0.1759567387687188
0 0.8801518438177874 0.49292845257903495 0.22234273318872017 0.1959234608985025