0 0.015467625899280576 0.2136111111111111 0.03093525179856115 0.1852777777777778
0 0.0341726618705036 0.2125 0.0683453237410072 0.185
0 0.03093525179856115 0.4688888888888889 0.06151079136690647 0.075
0 0.09136690647482014 0.185 0.11294964028776978 0.09222222222222222
0 0.13309352517985612 0.18555555555555556 0.0579136690647482 0.12638888888888888
0 0.17194244604316547 0.18555555555555556 0.10539568345323741 0.08611111111111111
0 0.21223021582733814 0.18638888888888888 0.10107913669064748 0.08333333333333333
0 0.2593525179856115 0.18666666666666668 0.11546762589928057 0.09583333333333334
0 0.12338129496402878 0.3322222222222222 0.0539568345323741 0.13583333333333333
0 0.1697841726618705 0.33361111111111114 0.06294964028776978 0.14027777777777778
0 0.210431654676259 0.3333333333333333 0.11294964028776978 0.09305555555555556
0 0.07949640287769784 0.47055555555555556 0.07050359712230216 0.11361111111111111
0 0.13093525179856116 0.47194444444444444 0.09640287769784173 0.07916666666666666
0 0.16762589928057553 0.47194444444444444 0.09496402877697842 0.07861111111111112
0 0.210431654676259 0.47305555555555556 0.10467625899280575 0.08611111111111111
0 0.25539568345323743 0.4722222222222222 0.09136690647482014 0.07472222222222222
0 0.3859712230215827 0.22666666666666666 0.07014388489208633 0.20222222222222222
0 0.41510791366906474 0.2275 0.1420863309352518 0.12638888888888888
0 0.4341726618705036 0.22694444444444445 0.1039568345323741 0.11861111111111111
0 0.47553956834532374 0.22666666666666666 0.023381294964028777 0.1986111111111111
0 0.4679856115107914 0.22777777777777777 0.03669064748201439 0.1288888888888889
0 0.30863309352517987 0.43527777777777776 0.14820143884892087 0.1225
0 0.3535971223021583 0.4361111111111111 0.07410071942446043 0.19027777777777777
0 0.39388489208633093 0.43666666666666665 0.14676258992805755 0.12083333333333333
0 0.4183453237410072 0.43694444444444447 0.1223021582733813 0.12222222222222222
0 0.4510791366906475 0.43972222222222224 0.05611510791366906 0.11555555555555555
0 0.537410071942446 0.18611111111111112 0.09460431654676259 0.1511111111111111
0 0.5284172661870503 0.18416666666666667 0.060431654676258995 0.2594444444444444
0 0.5474820143884892 0.18583333333333332 0.05935251798561151 0.26166666666666666
0 0.5942446043165468 0.18611111111111112 0.04964028776978417 0.2613888888888889
0 0.6129496402877698 0.18666666666666668 0.029136690647482016 0.26166666666666666
0 0.6287769784172662 0.18666666666666668 0.1435251798561151 0.15
0 0.7924460431654676 0.18777777777777777 0.15323741007194244 0.16027777777777777
0 0.8075539568345323 0.19166666666666668 0.04568345323741007 0.2638888888888889
0 0.8251798561151079 0.19055555555555556 0.15215827338129495 0.15861111111111112
0 0.8449640287769784 0.1913888888888889 0.14244604316546763 0.14833333333333334
0 0.8636690647482015 0.18888888888888888 0.15035971223021583 0.15722222222222224
0 0.8816546762589929 0.18833333333333332 0.03201438848920863 0.25527777777777777
0 0.8996402877697842 0.1897222222222222 0.046762589928057555 0.25722222222222224
0 0.9165467625899281 0.19277777777777777 0.15467625899280577 0.16083333333333333
0 0.9341726618705036 0.19166666666666668 0.046402877697841724 0.2613888888888889
0 0.9377697841726619 0.19166666666666668 0.12050359712230216 0.15666666666666668
0 0.960431654676259 0.1963888888888889 0.07517985611510791 0.15666666666666668
0 0.9697841726618706 0.19361111111111112 0.05647482014388489 0.14972222222222223
0 0.9805755395683453 0.1947222222222222 0.034532374100719423 0.14027777777777778
0 0.053597122302158275 0.7594444444444445 0.10719424460431655 0.058888888888888886
0 0.08597122302158273 0.7602777777777778 0.07086330935251799 0.09694444444444444
0 0.14316546762589927 0.7586111111111111 0.0920863309352518 0.09805555555555556
0 0.19892086330935252 0.76 0.07446043165467627 0.09888888888888889
0 0.2672661870503597 0.7586111111111111 0.07625899280575539 0.09472222222222222
0 0.3471223021582734 0.7613888888888889 0.13884892086330936 0.07388888888888889
0 0.4352517985611511 0.7602777777777778 0.10467625899280575 0.07472222222222222
0 0.418705035971223 0.8844444444444445 0.0723021582733813 0.13472222222222222
0 0.4309352517985611 0.8836111111111111 0.1039568345323741 0.08638888888888889
0 0.32841726618705036 0.8841666666666667 0.14424460431654676 0.07722222222222222
0 0.28309352517985614 0.8797222222222222 0.1460431654676259 0.07833333333333334
0 0.24640287769784172 0.8841666666666667 0.05431654676258993 0.13083333333333333
0 0.210431654676259 0.8813888888888889 0.06654676258992806 0.12666666666666668
0 0.1723021582733813 0.8825 0.16402877697841728 0.08805555555555555
0 0.1366906474820144 0.88 0.06510791366906475 0.13083333333333333
0 0.09712230215827339 0.8813888888888889 0.15611510791366906 0.08361111111111111
0 0.06978417266187051 0.8805555555555555 0.13956834532374102 0.09055555555555556
0 0.9546762589928057 0.735 0.09064748201438849 0.15
0 0.9517985611510792 0.7636111111111111 0.09640287769784173 0.20722222222222222
0 0.879136690647482 0.7358333333333333 0.24172661870503598 0.15166666666666667