0 0.4022346368715084 0.17148403796376185 0.01452513966480447 0.16113028472821397
0 0.370391061452514 0.17234685073339084 0.0782122905027933 0.10310612597066436
0 0.4072625698324022 0.39926660914581535 0.004469273743016759 0.06665228645383951
0 0.3854748603351955 0.3999137187230371 0.048044692737430165 0.07377049180327869
0 0.3407821229050279 0.14969801553062986 0.053631284916201116 0.11087144089732529
0 0.30558659217877093 0.15099223468507333 0.03603351955307262 0.10806729939603106
0 0.27346368715083796 0.15293356341673855 0.07905027932960894 0.07161345987920621
0 0.2399441340782123 0.15552200172562555 0.047206703910614524 0.1091458153580673
0 0.2005586592178771 0.15789473684210525 0.08603351955307263 0.0774374460742019
0 0.3136871508379888 0.27955133735979293 0.09776536312849161 0.08779119930974978
0 0.2751396648044693 0.2825711820534944 0.09301675977653631 0.08369283865401209
0 0.24134078212290502 0.2840811044003451 0.0941340782122905 0.08477135461604832
0 0.35027932960893854 0.40358067299396033 0.061452513966480445 0.10828300258843832
0 0.3078212290502793 0.4070319240724763 0.08212290502793296 0.07463330457290768
0 0.2770949720670391 0.40875754961173427 0.07597765363128492 0.06880931837791199
0 0.24162011173184358 0.41091458153580673 0.052793296089385475 0.10742018981880933
0 0.2041899441340782 0.4126402070750647 0.07960893854748603 0.07096635030198446
0 0.09525139664804469 0.1984469370146678 0.041340782122905026 0.17471958584987057
0 0.06731843575418994 0.20103537532355478 0.1223463687150838 0.11194995685936152
0 0.05446927374301676 0.20125107851596202 0.09720670391061452 0.11561691113028473
0 0.03715083798882682 0.20168248490077653 0.062290502793296086 0.10785159620362382
0 0.15949720670391063 0.38114754098360654 0.1254189944134078 0.11302847282139776
0 0.12150837988826815 0.3843830888697153 0.12458100558659217 0.11216566005176877
0 0.08854748603351956 0.38481449525452976 0.12402234636871508 0.11108714408973253
0 0.06731843575418994 0.387618636755824 0.10614525139664804 0.11302847282139776
0 0.038547486033519554 0.390207075064711 0.04748603351955307 0.10073339085418465
0 0.729608938547486 0.20038826574633303 0.19664804469273742 0.13697152717860225
0 0.7047486033519553 0.2014667817083693 0.06675977653631285 0.2392148403796376
0 0.6818435754189944 0.20081967213114754 0.20083798882681564 0.13977566867989646
0 0.658659217877095 0.2042709232096635 0.19497206703910613 0.1363244176013805
0 0.638268156424581 0.20729076790336498 0.19664804469273742 0.13697152717860225
0 0.6231843575418995 0.20405522001725626 0.1941340782122905 0.13524590163934427
0 0.6081005586592179 0.205565142364107 0.0670391061452514 0.22993960310612596
0 0.5449720670391062 0.21052631578947367 0.03798882681564246 0.2336065573770492
0 0.5282122905027933 0.21138912855910266 0.19329608938547485 0.13459879206212252
0 0.5150837988826815 0.20815358067299397 0.05810055865921788 0.2277825711820535
0 0.5041899441340782 0.21138912855910266 0.173463687150838 0.12834339948231233
0 0.4991620111731844 0.2100949094046592 0.16396648044692738 0.13395168248490077
0 0.49022346368715086 0.21246764452113892 0.1458100558659218 0.12834339948231233
0 0.485195530726257 0.2092320966350302 0.13631284916201117 0.13567730802415875
0 0.4494413407821229 0.21182053494391717 0.06424581005586592 0.12618636755823986
0 0.44078212290502794 0.2133304572907679 0.04692737430167598 0.11885245901639344
0 0.5058659217877095 0.41932700603968937 0.1340782122905028 0.09339948231233822
0 0.5254189944134078 0.41824849007765313 0.1324022346368715 0.09232096635030199
0 0.5410614525139665 0.41630716134598794 0.1393854748603352 0.0964193270060397
0 0.5575418994413408 0.4169542709232097 0.13603351955307263 0.0951251078515962
0 0.573463687150838 0.41522864538395166 0.13156424581005585 0.09167385677308024
0 0.590782122905028 0.4139344262295082 0.12905027932960894 0.08994823123382226
0 0.6058659217877095 0.4126402070750647 0.04553072625698324 0.15746333045729077
0 0.6240223463687151 0.4117773943054357 0.030726256983240222 0.1557377049180328
0 0.6402234636871509 0.4117773943054357 0.030726256983240222 0.15465918895599653
0 0.6553072625698324 0.41069887834339946 0.028212290502793298 0.15509059534081104
0 0.6701117318435754 0.4098360655737705 0.026815642458100558 0.15509059534081104
0 0.6874301675977653 0.4074633304572908 0.03100558659217877 0.158541846419327
0 0.7022346368715083 0.4089732528041415 0.024022346368715083 0.15336496980155306
0 0.7209497206703911 0.4061691113028473 0.0276536312849162 0.15746333045729077
0 0.7441340782122905 0.40509059534081104 0.043016759776536316 0.15789473684210525
0 0.8114525139664804 0.40336496980155306 0.03240223463687151 0.1535806729939603
0 0.8284916201117318 0.4027178602243313 0.02569832402234637 0.15336496980155306
0 0.8452513966480447 0.4003451251078516 0.028491620111731845 0.15638481449525454
0 0.8589385474860335 0.3988352027610009 0.03156424581005587 0.15746333045729077
0 0.8776536312849162 0.39797238999137186 0.026815642458100558 0.15789473684210525
0 0.8941340782122905 0.39775668679896464 0.028491620111731845 0.15638481449525454
0 0.9094972067039107 0.3975409836065574 0.028212290502793298 0.15509059534081104
0 0.9254189944134078 0.3966781708369284 0.0276536312849162 0.1557377049180328
0 0.9413407821229051 0.3953839516824849 0.02988826815642458 0.15638481449525454
0 0.9581005586592178 0.39473684210526316 0.025977653631284917 0.1557377049180328
0 0.9731843575418995 0.3940897325280414 0.028212290502793298 0.15509059534081104
0 0.988268156424581 0.3917169974115617 0.02346368715083799 0.15789473684210525
0 0.9958100558659218 0.3917169974115617 0.008379888268156424 0.15703192407247626
0 0.3963687150837989 0.685504745470233 0.026256983240223464 0.08304572907679034
0 0.4053072625698324 0.686367558239862 0.008100558659217877 0.14797238999137188
0 0.3787709497206704 0.6885245901639344 0.061452513966480445 0.09016393442622951
0 0.37318435754189944 0.6900345125107852 0.07262569832402235 0.08692838654012079
0 0.3664804469273743 0.6891716997411562 0.08575418994413408 0.08671268334771355
0 0.35810055865921786 0.6904659188955996 0.10279329608938548 0.09339948231233822
0 0.3505586592178771 0.6896031061259706 0.04748603351955307 0.15293356341673855
0 0.3354748603351955 0.6904659188955996 0.024581005586592177 0.14969801553062986
0 0.24860335195530725 0.6945642795513374 0.10810055865921787 0.08843830888697153
0 0.2324022346368715 0.6973684210526315 0.03715083798882682 0.15207075064710956
0 0.21787709497206703 0.6969370146678171 0.10810055865921787 0.08843830888697153
0 0.17486033519553074 0.6984469370146679 0.11452513966480447 0.09361518550474547
0 0.16005586592178772 0.7006039689387403 0.11145251396648044 0.09124245038826574
0 0.1424581005586592 0.7010353753235548 0.11620111731843576 0.0955565142364107
0 0.10027932960893855 0.7044866264020707 0.040502793296089384 0.15271786022433131
0 0.0824022346368715 0.7031924072476272 0.11089385474860335 0.09081104400345125
0 0.041340782122905026 0.7088006902502157 0.07597765363128492 0.091458153580673
0 0.010893854748603353 0.7103106125970664 0.018156424581005588 0.15336496980155306
0 0.018715083798882683 0.709879206212252 0.030446927374301675 0.0864969801553063
0 0.3924581005586592 0.8505176876617774 0.03407821229050279 0.08779119930974978
0 0.3854748603351955 0.850086281276963 0.048044692737430165 0.09188955996548749
0 0.3804469273743017 0.8513805004314063 0.05810055865921788 0.08930112165660052
0 0.394413407821229 0.8541846419327006 0.030167597765363128 0.1535806729939603
0 0.36675977653631286 0.8552631578947368 0.08547486033519552 0.09534081104400345
0 0.34022346368715084 0.8563416738567731 0.03715083798882682 0.15336496980155306
0 0.32849162011173183 0.8563416738567731 0.11033519553072625 0.09037963761863675
0 0.31424581005586594 0.8567730802415876 0.11396648044692738 0.09318377911993098
0 0.30307262569832405 0.8584987057808455 0.11396648044692738 0.09318377911993098
0 0.28966480446927373 0.8593615185504746 0.11927374301675978 0.09706643658326143
0 0.2446927374301676 0.8608714408973253 0.10810055865921787 0.08843830888697153
0 0.23016759776536314 0.8630284728213977 0.10446927374301676 0.08584987057808456
0 0.21955307262569831 0.8638912855910268 0.03770949720670391 0.15207075064710956
0 0.20754189944134077 0.864969801553063 0.02346368715083799 0.14883520276100087
0 0.19553072625698323 0.8630284728213977 0.021508379888268158 0.1535806729939603
0 0.18324022346368715 0.864106988783434 0.020670391061452513 0.1499137187230371
0 0.1729050279329609 0.8673425366695428 0.021229050279329607 0.1494823123382226
0 0.15558659217877094 0.868421052631579 0.03100558659217877 0.15552200172562555
0 0.138268156424581 0.868421052631579 0.02318435754189944 0.15379637618636754
0 0.11927374301675978 0.8679896462467644 0.0388268156424581 0.1507765314926661
0 0.9315642458100558 0.8190250215703192 0.13687150837988826 0.36194995685936154
0 0.9125698324022347 0.7948662640207075 0.17486033519553074 0.410267471958585
0 0.764804469273743 0.8561259706643658 0.4547486033519553 0.28774805867126835
0 0.6821229050279329 0.8339085418464194 0.5452513966480447 0.33218291630716135
0 0.6455307262569833 0.8382226056945643 0.4720670391061452 0.32355478861087145
0 0.6268156424581005 0.8339085418464194 0.4346368715083799 0.33218291630716135
0 0.5106145251396648 0.7948662640207075 0.19553072625698323 0.410267471958585
0 0.45754189944134077 0.7948662640207075 0.09608938547486033 0.410267471958585