0 0.15809572301425662 0.15179299103504482 0.07281059063136457 0.09005704971475142
0 0.17184317718940936 0.1526079869600652 0.1390020366598778 0.053993480032599836
0 0.1855906313645621 0.1528117359413203 0.14485743380855398 0.05582722086389568
0 0.1990835030549898 0.1526079869600652 0.06390020366598778 0.09148329258353709
0 0.21232179226069248 0.15383048084759576 0.06466395112016293 0.09046454767726161
0 0.22683299389002037 0.15484922575387122 0.14485743380855398 0.05623471882640587
0 0.30320773930753564 0.16075794621026895 0.14587576374745417 0.05664221678891605
0 0.3169551934826884 0.16136919315403422 0.14205702647657842 0.0550122249388753
0 0.33019348268839105 0.16299918500407498 0.070010183299389 0.09046454767726161
0 0.3444501018329939 0.16361043194784025 0.14485743380855398 0.05623471882640587
0 0.3579429735234216 0.16442542787286063 0.1410386965376782 0.05460472697636512
0 0.3711812627291242 0.16503667481662593 0.057535641547861505 0.09026079869600652
0 0.5259674134419552 0.17685411572942136 0.035641547861507125 0.03382233088834556
0 0.5959775967413442 0.12224938875305623 0.13110997963340124 0.03973105134474328
0 0.6255091649694501 0.12367563162184189 0.10641547861507128 0.03219233903830481
0 0.6631873727087576 0.1263243683781581 0.09521384928716904 0.05460472697636512
0 0.7212321792260692 0.1297881010594947 0.13110997963340124 0.039527302363488184
0 0.6247454175152749 0.07253463732681337 0.15045824847250508 0.0454360228198859
0 0.839867617107943 0.13447432762836187 0.05269857433808554 0.051548492257538714
0 0.875 0.13427057864710676 0.08426680244399186 0.05582722086389568
0 0.9175152749490835 0.13814180929095354 0.06720977596741344 0.05338223308883456
0 0.9401731160896131 0.13895680521597392 0.048879837067209775 0.052770986145069275
0 0.964867617107943 0.1387530562347188 0.061354378818737274 0.0582722086389568
0 0.8609979633401222 0.08374083129584352 0.07026476578411406 0.052770986145069275
0 0.9226069246435845 0.08618581907090464 0.11074338085539714 0.05378973105134474
0 0.8910386965376782 0.1945802770986145 0.13034623217922606 0.05990220048899755
0 0.6659877800407332 0.18785656071719642 0.10896130346232179 0.05582722086389568
0 0.023930753564154784 0.7155664221678891 0.04786150712830957 0.10024449877750612
0 0.03411405295315682 0.7178076609616952 0.06822810590631365 0.10472697636511817
0 0.10081466395112017 0.6595354523227384 0.20162932790224034 0.3215158924205379
0 0.2209775967413442 0.9356153219233904 0.06720977596741344 0.12876935615321924
0 0.24517416712832565 0.9433008251094146 0.14350976214507946 0.10987099486491067
0 0.28226834031829395 0.8736196288700147 0.2941402376790367 0.22519360397884386
0 0.32331975560081466 0.8567644661776691 0.29327902240325865 0.2555012224938875
0 0.4040224032586558 0.8901792991035045 0.1318737270875764 0.21964140179299105
0 0.3874745417515275 0.8966992665036675 0.164969450101833 0.20660146699266504
0 0.4139511201629328 0.9026079869600652 0.1120162932790224 0.1947840260798696
0 0.5239307535641547 0.7813773431132844 0.1079429735234216 0.24164629176854116
0 0.5784114356668386 0.7896270081859598 0.2070484354612213 0.15851616816387898
0 0.6427863208282747 0.8014944002053955 0.16048992484163446 0.12287099807411797
0 0.7177957970266984 0.8129995418552342 0.10295608718535051 0.20203790124668103
0 0.7821242031418051 0.8163272621315395 0.10942910041157895 0.22211201422718096
0 0.8539553466971754 0.8318243845484239 0.2108826657475404 0.16145165275950624
0 0.9131873727087576 0.8372045639771801 0.17362525458248473 0.14710676446617768
0 0.554735234215886 0.4423390383048085 0.1695519348268839 0.16014669926650366
0 0.6026471288222764 0.4553567038282731 0.13744137121195063 0.24431411220605795
0 0.6673961412030786 0.4658097099586455 0.17633601095636028 0.13462479343634973
0 0.7354702189007495 0.47918634370492286 0.1747313516193905 0.13377422657216242
0 0.8027995396028039 0.4793311506493415 0.12184197074993013 0.22443407155306688
0 0.8758071400460251 0.4938391706092563 0.11438920979911123 0.20474374257563266