0 0.5019762845849802 0.21342925659472423 0.2727272727272727 0.17266187050359713
0 0.4841897233201581 0.21342925659472423 0.308300395256917 0.17266187050359713
0 0.4683794466403162 0.1936450839328537 0.17786561264822134 0.21223021582733814
0 0.4407114624505929 0.22062350119904076 0.32806324110671936 0.15827338129496402
0 0.41106719367588934 0.19904076738609114 0.13438735177865613 0.2014388489208633
0 0.3814229249011858 0.22422062350119903 0.3241106719367589 0.1510791366906475
0 0.21541501976284586 0.23201438848920863 0.3241106719367589 0.1354916067146283
0 0.1857707509881423 0.23201438848920863 0.33992094861660077 0.1354916067146283
0 0.15711462450592886 0.23800959232613908 0.30237154150197626 0.12350119904076738
0 0.1274703557312253 0.21402877697841727 0.16403162055335968 0.17146282973621102
0 0.09683794466403162 0.21642685851318944 0.13438735177865613 0.16666666666666666
0 0.0800395256916996 0.21642685851318944 0.1600790513833992 0.16666666666666666
0 0.8191699604743083 0.2182254196642686 0.3616600790513834 0.1630695443645084
0 0.32707509881422925 0.7350119904076738 0.6225296442687747 0.4196642685851319
0 0.22332015810276679 0.7541966426858513 0.44664031620553357 0.3980815347721823
0 0.05928853754940711 0.7667865707434053 0.11857707509881422 0.46642685851318944
0 0.9239130434782609 0.368705035971223 0.15217391304347827 0.13788968824940048
0 0.825098814229249 0.5071942446043165 0.34980237154150196 0.34772182254196643
0 0.8424997083502457 0.5155050193447182 0.27856968019661826 0.4086295475828548
0 0.6699604743083004 0.4262589928057554 0.06324110671936758 0.2529976019184652
0 0.7312252964426877 0.7044364508393285 0.1857707509881423 0.30335731414868106