0 0.20164027149321267 0.1981555333998006 0.31504524886877827 0.36465603190428714
0 0.2330316742081448 0.21161515453639082 0.1292420814479638 0.4229810568295115
0 0.28252262443438914 0.20139581256231306 0.3354072398190045 0.35044865403788633
0 0.3201357466063348 0.2073778664007976 0.34445701357466063 0.3835992023928215
0 0.36142533936651583 0.21385842472582253 0.24802036199095023 0.3043369890329013
0 0.6105769230769231 0.14356929212362912 0.10096153846153846 0.08923230309072781
0 0.5902149321266968 0.26321036889332006 0.060237556561085974 0.08050847457627118
0 0.6224547511312217 0.14257228315054835 0.06815610859728506 0.12163509471585245
0 0.6668552036199095 0.14456630109670987 0.07211538461538461 0.08823529411764706
0 0.6199095022624435 0.26744765702891327 0.09106334841628959 0.10518444666001994
0 0.692024886877828 0.2073778664007976 0.10209276018099547 0.21335992023928216
0 0.731052036199095 0.20812562313060817 0.08851809954751132 0.15977068793619142
0 0.8339932126696833 0.1560319042871386 0.08342760180995475 0.12163509471585245
0 0.792420814479638 0.27916251246261214 0.08031674208144797 0.11590229312063809
0 0.8470022624434389 0.2826520438683948 0.08625565610859728 0.11939182452642073
0 0.8857466063348416 0.16151545363908276 0.08455882352941177 0.12462612163509472
0 0.9643665158371041 0.1719840478564307 0.03817873303167421 0.07278165503489531
0 0.020644796380090497 0.5084745762711864 0.041289592760180995 0.1345962113659023
0 0.02177601809954751 0.5189431704885344 0.04355203619909502 0.17846460618145563
0 0.05062217194570136 0.5186939182452642 0.08653846153846154 0.17796610169491525
0 0.09554573014522544 0.5195098468253889 0.07124653385963417 0.1788449459410518
0 0.1353679145900672 0.5231293335602327 0.07386493957654118 0.1833662920326336
0 0.2167210078195645 0.5373125641287674 0.09315102801449675 0.19859987233059115
0 0.26300221990674844 0.5378453082343935 0.07963970226649053 0.1849488197740504
0 0.30371237200540435 0.5409532383404274 0.07450965316471263 0.18437200243389384
0 0.34890785961766685 0.5444900615075653 0.08743960021002534 0.18357512630894313
0 0.400712696407675 0.5501657377259801 0.09054451405821805 0.1871081648556237
0 0.44746658682434803 0.5554212223114704 0.07741681019179784 0.1854125185478725
0 0.49249792309941065 0.5574668827330769 0.09022810314444628 0.18312012896330068
0 0.5427036199095022 0.5067298105682951 0.034502262443438916 0.07627118644067797
0 0.035633484162895926 0.7141076769690927 0.07126696832579185 0.19890329012961117
0 0.07849508432663782 0.7201753055142507 0.09134743310327512 0.1901078932030455
0 0.12444605569825366 0.7284305184471629 0.07539167493821264 0.18836873975439639
0 0.16929941083431976 0.7327194490582012 0.09122877901061083 0.18861237974342435
0 0.22736551844556296 0.7378009050801002 0.10237089898766691 0.19376275174424018
0 0.29001583998096625 0.7420649929467521 0.10314615842913094 0.18929361422173577
0 0.026300904977375566 0.9097706879361914 0.05260180995475113 0.18045862412761715
0 0.05260180995475113 0.9127617148554337 0.07805429864253394 0.1744765702891326
0 0.09389140271493213 0.9160019940179461 0.0757918552036199 0.16799601196410768
0 0.13574660633484162 0.9174975074775673 0.07692307692307693 0.1650049850448654
0 0.6555429864253394 0.6941674975074775 0.19117647058823528 0.1839481555333998
0 0.6975853726738217 0.7023287736821172 0.1212097671449395 0.28168227136711765
0 0.7591301940521928 0.7098461928535509 0.23423733203285194 0.1967871934831606
0 0.8107451579425762 0.7107947778780115 0.23238229399678054 0.19476707125246037
0 0.8651941220119163 0.7151850364532671 0.2420253382157583 0.20238386140143916
0 0.9198408429023636 0.717082772595821 0.10779331196834122 0.2834674550369694
0 0.9609728506787331 0.7235792622133599 0.07805429864253394 0.2826520438683948
0 0.9850113122171946 0.7320538384845464 0.02997737556561086 0.28165503489531407
0 0.7683823529411765 0.938185443668993 0.11934389140271494 0.12362911266201396
0 0.7183257918552036 0.9384346959122633 0.09276018099547512 0.12313060817547358
0 0.6713800904977375 0.9364406779661016 0.10972850678733032 0.1271186440677966
0 0.6244343891402715 0.9329511465603191 0.09954751131221719 0.13409770687936193
0 0.5975678733031674 0.9297108673978066 0.0752262443438914 0.14057826520438685