0 0.3059475806451613 0.15533188248095756 0.5473790322580645 0.17328618063112078
0 0.30267137096774194 0.2236126224156692 0.32006048387096775 0.3941784548422198
0 0.28881048387096775 0.2840043525571273 0.34274193548387094 0.4232861806311208
0 0.2845262096774194 0.3520130576713819 0.5627520161290323 0.24727965179542982
0 0.2817540322580645 0.367247007616975 0.28805443548387094 0.265233949945593
0 0.8208165322580645 0.02910772578890098 0.2918346774193548 0.05821545157780196
0 0.8130040322580645 0.09357997823721437 0.20463709677419356 0.18715995647442873
0 0.8005685875284883 0.14406407006266828 0.15846452372117903 0.171052021252894
0 0.7884874304793914 0.22270250356615154 0.25288202057949105 0.12061622542668798
0 0.7860677420625342 0.29118880092496674 0.19641395658644528 0.2120159357276972
0 0.768884677022259 0.36592377923297553 0.2873435214174872 0.10168499554640886
0 0.764267226770435 0.43871989825001884 0.25246851853734076 0.09504495230372825
0 0.33492943548387094 0.6245919477693145 0.3777721774193548 0.06882480957562569
0 0.21597782258064516 0.6857997823721437 0.11466733870967742 0.0661044613710555
0 0.2134576612903226 0.691512513601741 0.12474798387096774 0.07181719260065289
0 0.41431451612903225 0.7007616974972797 0.1875 0.03917301414581066
0 0.41658266129032256 0.7086507072905331 0.12298387096774194 0.07100108813928183
0 0.20388104838709678 0.7301414581066377 0.1892641129032258 0.03808487486398259
0 0.40524193548387094 0.7459194776931447 0.20211693548387097 0.03890097932535364
0 0.19480846774193547 0.751088139281828 0.18472782258064516 0.024755168661588684
0 0.19430443548387097 0.7584330794341676 0.1857358870967742 0.020674646354733407
0 0.19506048387096775 0.764417845484222 0.19102822580645162 0.02366702937976061
0 0.1922883064516129 0.7706746463547334 0.1935483870967742 0.022850924918389554
0 0.19102822580645162 0.7766594124047879 0.1892641129032258 0.023394994559303592
0 0.4022177419354839 0.7693144722524483 0.19808467741935484 0.024755168661588684
0 0.4012096774193548 0.7755712731229597 0.19581653225806453 0.022578890097932534
0 0.40045362903225806 0.7818280739934712 0.19984879032258066 0.024755168661588684
0 0.3989415322580645 0.7875408052230686 0.20287298387096775 0.026115342763873776
0 0.39591733870967744 0.793525571273123 0.1953125 0.024755168661588684
0 0.5995463709677419 0.5873231773667029 0.039818548387096774 0.05059847660500544
0 0.6381048387096774 0.6841675734494015 0.11693548387096774 0.132208922742111
0 0.6310483870967742 0.7687704026115343 0.1028225806451613 0.13166485310119697
0 0.6373487903225806 0.8555495103373232 0.11542338709677419 0.09956474428726877
0 0.6224798387096774 0.9336235038084875 0.08568548387096774 0.11425462459194777
0 0.8407258064516129 0.9719804134929271 0.14919354838709678 0.05603917301414581
0 0.8453596262279167 0.8967308091776569 0.14492489133799988 0.08159667764120884
0 0.8564999786583177 0.8066526680586172 0.1457657954541105 0.07127834800565748
0 0.8591333681121552 0.7202215693205465 0.12801029351657686 0.06387305569200813
0 0.8834621394522428 0.6355590058337885 0.15377752408840015 0.06816587849469524