0 0.026510067114093958 0.1684514003294893 0.053020134228187916 0.12026359143327842
0 0.03959731543624161 0.16803953871499178 0.07919463087248323 0.128500823723229
0 0.003355704697986577 0.1672158154859967 0.006711409395973154 0.22487644151565075
0 0.02214765100671141 0.16700988467874794 0.04429530201342282 0.2228171334431631
0 0.06677852348993289 0.16762767710049423 0.13355704697986578 0.11943986820428336
0 0.08087248322147651 0.167833607907743 0.16174496644295303 0.12973640856672158
0 0.08624161073825504 0.16762767710049423 0.17248322147651007 0.11943986820428336
0 0.0976510067114094 0.16742174629324547 0.1953020134228188 0.12067545304777595
0 0.11656384624977081 0.16978886851574143 0.04064790307427065 0.22594457937682177
0 0.13669221703335196 0.16985102600994548 0.20417386873391746 0.12457956342144004
0 0.15615530428167412 0.16971204514066895 0.20417386873391755 0.12457956342143996
0 0.1779615274142485 0.16976222152545262 0.026600802577433642 0.22749138451568063
0 0.20648501734713443 0.16955854266530596 0.21713641314244625 0.13208412891399046
0 0.34798657718120807 0.2522652388797364 0.028859060402684565 0.19481054365733114
0 0.3268456375838926 0.27182866556836904 0.1261744966442953 0.128500823723229
0 0.33691275167785234 0.2714168039538715 0.10604026845637583 0.12685337726523888
0 0.34261744966442953 0.2724464579901153 0.09463087248322148 0.1371499176276771
0 0.4436241610738255 0.2487644151565074 0.035906040268456375 0.09060955518945635
0 0.4825503355704698 0.24855848434925865 0.13020134228187918 0.05683690280065898
0 0.5496644295302013 0.2502059308072488 0.1523489932885906 0.06672158154859967
0 0.6157718120805369 0.24897034596375617 0.06308724832214765 0.09390444810543658
0 0.6966442953020134 0.2506177924217463 0.09932885906040269 0.09328665568369028
0 0.7912751677852349 0.24814662273476112 0.15671140939597317 0.06960461285008238
0 0.9140939597315436 0.24917627677100493 0.1546979865771812 0.07084019769357495
0 0.8942953020134228 0.12808896210873147 0.17281879194630873 0.07598846787479407
0 0.9251677852348993 0.128500823723229 0.14261744966442952 0.07969522240527183
0 0.7875838926174497 0.12808896210873147 0.07315436241610739 0.11655683690280066
0 0.7338926174496644 0.13241350906095553 0.15771812080536912 0.06898682042833608
0 0.6909395973154362 0.1278830313014827 0.17483221476510066 0.07701812191103789
0 0.647986577181208 0.13056013179571663 0.04530201342281879 0.12191103789126853
0 0.6033557046979866 0.1291186161449753 0.18120805369127516 0.07990115321252059
0 0.5610738255033557 0.1313838550247117 0.0476510067114094 0.12561779242174628
0 0.5144295302013423 0.1301482701812191 0.1704697986577181 0.07516474464579902
0 0.47181208053691276 0.13056013179571663 0.16375838926174496 0.07990115321252059
0 0.07214765100671142 0.8712932454695222 0.14429530201342283 0.11079077429983525
0 0.06610738255033557 0.5100906095551895 0.13221476510067115 0.12314662273476112
0 0.15003584102171424 0.5013746535381416 0.1939310325098079 0.11832975254745484
0 0.16430545734229543 0.8607549187969464 0.1952967440063558 0.11916306066398608
0 0.3681208053691275 0.6861614497528831 0.0436241610738255 0.12767710049423395
0 0.398993288590604 0.8121911037891268 0.018120805369127517 0.07228171334431631
0 0.47651006711409394 0.6719522240527183 0.13288590604026845 0.08772652388797364
0 0.5110738255033557 0.6717462932454695 0.10469798657718121 0.06919275123558484
0 0.5546979865771812 0.6731878088962109 0.12818791946308725 0.08525535420098847
0 0.6221476510067114 0.6744233937397035 0.07013422818791946 0.12088138385502471
0 0.5057046979865771 0.5455107084019769 0.14966442953020134 0.09884678747940692
0 0.7593959731543625 0.671334431630972 0.10939597315436242 0.0728995057660626
0 0.8 0.6663920922570017 0.06208053691275168 0.13117792421746294
0 0.8496644295302014 0.6703047775947282 0.12348993288590604 0.082166392092257
0 0.8758389261744967 0.6696869851729819 0.02248322147651007 0.1272652388797364
0 0.9043624161073825 0.6659802306425041 0.1261744966442953 0.0827841845140033
0 0.7788590604026846 0.5397446457990115 0.12718120805369126 0.08401976935749589
0 0.8503355704697987 0.5389209225700164 0.1597315436241611 0.10564250411861614
0 0.824496644295302 0.807660626029654 0.13590604026845637 0.1342668863261944
0 0.5637583892617449 0.8167215815485996 0.11073825503355705 0.12005766062602966