0 0.028502747252747252 0.3408333333333333 0.057005494505494504 0.24958333333333332
0 0.040521978021978024 0.33708333333333335 0.05666208791208791 0.249375
0 0.05185439560439561 0.33395833333333336 0.07417582417582418 0.25
0 0.06318681318681318 0.33145833333333335 0.07245879120879122 0.24979166666666666
0 0.07417582417582418 0.3283333333333333 0.12946428571428573 0.16083333333333333
0 0.08585164835164835 0.32395833333333335 0.1346153846153846 0.16645833333333335
0 0.09684065934065934 0.320625 0.0625 0.245
0 0.10782967032967034 0.3175 0.0676510989010989 0.24708333333333332
0 0.11950549450549451 0.31395833333333334 0.13633241758241757 0.16791666666666666
0 0.1304945054945055 0.30833333333333335 0.06353021978021978 0.24979166666666666
0 0.14182692307692307 0.3045833333333333 0.13667582417582416 0.16895833333333332
0 0.15247252747252749 0.30145833333333333 0.13221153846153846 0.16375
0 0.16483516483516483 0.29770833333333335 0.07348901098901099 0.25333333333333335
0 0.18028846153846154 0.29291666666666666 0.14491758241758243 0.179375
0 0.24690934065934067 0.15979166666666667 0.1349587912087912 0.1675
0 0.25858516483516486 0.15708333333333332 0.07280219780219781 0.26145833333333335
0 0.26339285714285715 0.15541666666666668 0.12877747252747251 0.16875
0 0.2802197802197802 0.14958333333333335 0.07074175824175824 0.259375
0 0.2767857142857143 0.150625 0.10130494505494506 0.15520833333333334
0 0.27918956043956045 0.15208333333333332 0.09718406593406594 0.16729166666666667
0 0.28434065934065933 0.14854166666666666 0.08688186813186813 0.16270833333333334
0 0.29086538461538464 0.1475 0.07383241758241758 0.15625
0 0.542239010989011 0.18895833333333334 0.07108516483516483 0.16520833333333335
0 0.5879120879120879 0.17229166666666668 0.09512362637362637 0.1325
0 0.6291208791208791 0.15854166666666666 0.0676510989010989 0.16125
0 0.6730769230769231 0.14166666666666666 0.09512362637362637 0.1325
0 0.7153159340659341 0.12854166666666667 0.08928571428571429 0.12541666666666668
0 0.5813873626373627 0.36375 0.14800824175824176 0.20625
0 0.6785714285714286 0.3285416666666667 0.1559065934065934 0.21625
0 0.7939560439560439 0.30145833333333333 0.1717032967032967 0.288125
0 0.14285714285714285 0.748125 0.16552197802197802 0.2814583333333333
0 0.23145604395604397 0.7241666666666666 0.13564560439560439 0.28125
0 0.27815934065934067 0.7139583333333334 0.09821428571428571 0.27166666666666667
0 0.36675824175824173 0.8429166666666666 0.07417582417582418 0.17583333333333334
0 0.41277472527472525 0.85375 0.1662087912087912 0.2025
0 0.39766483516483514 0.8152083333333333 0.13598901098901098 0.22708333333333333
0 0.45618376144183403 0.8331469124711908 0.17604060439420063 0.2817757866691438
0 0.5055147048600881 0.825056101626749 0.3092315341184374 0.1972255026324615
0 0.5435786093405979 0.7711068465778 0.12080493461614797 0.18232446993254978
0 0.6573743649185435 0.7536056164239604 0.13399825695488427 0.18667435906137597
0 0.7203921791827529 0.7908460772252073 0.13179681685958533 0.2722551074983615
0 0.765300236899847 0.7372060910558236 0.11259514788311999 0.1827789259213614
0 0.8125 0.9645833333333333 0.11263736263736264 0.07083333333333333
0 0.8550824175824175 0.960625 0.0989010989010989 0.07875
0 0.9247939560439561 0.9541666666666667 0.1504120879120879 0.09166666666666666
0 0.8666214548345997 0.7231898435854329 0.11221206402924327 0.1906640194759848
0 0.9313186813186813 0.7483333333333333 0.13736263736263737 0.2608333333333333
0 0.9673763736263736 0.7102083333333333 0.06524725274725275 0.20541666666666666