0 0.100341796875 0.10469409282700422 0.106201171875 0.08175105485232068
0 0.1416015625 0.10311181434599156 0.205810546875 0.060126582278481014
0 0.191162109375 0.10047468354430379 0.19287109375 0.05590717299578059
0 0.28857421875 0.09546413502109705 0.111572265625 0.08280590717299578
0 0.335205078125 0.09177215189873418 0.12353515625 0.08280590717299578
0 0.390869140625 0.08966244725738397 0.205810546875 0.060126582278481014
0 0.4775390625 0.08517932489451477 0.064208984375 0.08069620253164557
0 0.47509765625 0.084915611814346 0.069091796875 0.052478902953586495
0 0.905029296875 0.10654008438818566 0.14404296875 0.21308016877637131
0 0.931396484375 0.07885021097046413 0.13720703125 0.15770042194092826
0 0.978271484375 0.05933544303797468 0.04345703125 0.11867088607594936
0 0.1044921875 0.8045886075949367 0.07763671875 0.09440928270042194
0 0.13720703125 0.6416139240506329 0.079345703125 0.14451476793248946
0 0.163818359375 0.6373945147679325 0.1064453125 0.09071729957805907
0 0.197998046875 0.6339662447257384 0.097412109375 0.14477848101265822
0 0.250732421875 0.6279008438818565 0.08203125 0.13475738396624473
0 0.12158203125 0.5039556962025317 0.109375 0.14688818565400844
0 0.356201171875 0.6089135021097046 0.0537109375 0.1350210970464135
0 0.38623046875 0.5991561181434599 0.083740234375 0.14662447257383968
0 0.426025390625 0.5978375527426161 0.06787109375 0.13976793248945146
0 0.446044921875 0.5944092827004219 0.051025390625 0.13844936708860758
0 0.466796875 0.5867616033755274 0.0625 0.1529535864978903
0 0.331298828125 0.4670358649789029 0.07373046875 0.14715189873417722
0 0.386474609375 0.4583333333333333 0.109375 0.14820675105485231
0 0.4482421875 0.7507911392405063 0.123046875 0.15822784810126583
0 0.2509765625 0.7921940928270043 0.1064453125 0.14688818565400844
0 0.765869140625 0.627373417721519 0.257568359375 0.37869198312236285
0 0.85986328125 0.6123417721518988 0.280029296875 0.28955696202531644
0 0.916259765625 0.6010021097046413 0.16748046875 0.2441983122362869