0 0.16576086956521738 0.11070304302203568 0.33152173913043476 0.032004197271773345
0 0.16813858695652173 0.1311647429171039 0.33627717391304346 0.038037775445960126
0 0.15455163043478262 0.155299055613851 0.25339673913043476 0.08630640083945436
0 0.15557065217391305 0.2027806925498426 0.2632472826086957 0.08971668415529906
0 0.14979619565217392 0.22691500524658972 0.2530570652173913 0.08551941238195174
0 0.16677989130434784 0.2534102833158447 0.33322010869565216 0.04275970619097587
0 0.15964673913043478 0.30640083945435465 0.24286684782608695 0.0813221406086044
0 0.15557065217391305 0.32555089192025183 0.24558423913043478 0.08315844700944386
0 0.16915760869565216 0.35047219307450156 0.3383152173913043 0.04197271773347324
0 0.8254076086956522 0.018625393494228752 0.3111413043478261 0.037250786988457504
0 0.8250679347826086 0.0270199370409234 0.31046195652173914 0.049842602308499476
0 0.7914402173913043 0.06663168940188877 0.24320652173913043 0.13326337880377753
0 0.790421195652174 0.0742392444910808 0.24116847826086957 0.1484784889821616
0 0.7894021739130435 0.0810598111227702 0.23777173913043478 0.1621196222455404
0 0.8223505434782609 0.08997901364113327 0.30502717391304346 0.04879328436516264
0 0.7914529639308426 0.10585034320785522 0.233367142286556 0.17482138877589243
0 0.7914340253803251 0.12102881039621642 0.23113908029757893 0.17266778840418456
0 0.8226902173913043 0.13693599160545644 0.30570652173913043 0.055613850996852045
0 0.8264266304347826 0.15241343126967472 0.313179347826087 0.04669464847848898
0 0.8271059782608695 0.16841552990556138 0.31453804347826086 0.04407135362014691
0 0.826766304347826 0.18336831059811123 0.3138586956521739 0.04459601259181532
0 0.8274456521739131 0.20015739769150054 0.31521739130434784 0.04564533053515215
0 0.828125 0.22245540398740818 0.31657608695652173 0.055613850996852045
0 0.8858695652173914 0.3213536201469045 0.22826086956521738 0.04879328436516264
0 0.8855298913043478 0.3378803777544596 0.22894021739130435 0.046169989506820566
0 0.8862092391304348 0.35230849947534104 0.22758152173913043 0.04459601259181532
0 0.8872282608695652 0.3617523609653725 0.22554347826086957 0.03620146904512067
0 0.8868885869565217 0.37145855194123817 0.2262228260869565 0.016789087093389297
0 0.4204186968485387 0.5743224492057745 0.38776477830984485 0.08373061473497936
0 0.4228488908822293 0.6260713117033279 0.38281932501651994 0.08150372838322556
0 0.4225450828170229 0.6818192417209342 0.26748170298587765 0.19981681173817592
0 0.425046533792232 0.7327811157609849 0.26161937872807073 0.19494830903306867
0 0.4252961704646246 0.7861589196585778 0.2558520637256219 0.19112912427129872
0 0.42407549143493617 0.8445484660295376 0.3875461937219672 0.09628578706499834
0 0.4232336956521739 0.9026757607555089 0.2758152173913043 0.19464847848898217
0 0.42527173913043476 0.9323189926547744 0.25407608695652173 0.1353620146904512
0 0.09476902173913043 0.973504721930745 0.18953804347826086 0.05299055613850997
0 0.09408967391304347 0.9336306400839455 0.18817934782608695 0.07712486883525708
0 0.09476902173913043 0.8774921301154249 0.18953804347826086 0.09181532004197272
0 0.09273097826086957 0.8192549842602308 0.18546195652173914 0.07607555089192025
0 0.09341032608695653 0.7699370409233998 0.18682065217391305 0.07607555089192025
0 0.09137228260869565 0.7206190975865687 0.1827445652173913 0.07817418677859392
0 0.09069293478260869 0.6663168940188877 0.18138586956521738 0.08394543546694648
0 0.09137228260869565 0.6109653725078699 0.1827445652173913 0.07187827911857293
0 0.9534646739130435 0.44438614900314793 0.08457880434782608 0.11044071353620147
0 0.9524456521739131 0.5139034627492131 0.08525815217391304 0.08683105981112277
0 0.953125 0.5674186778593914 0.06046195652173913 0.195697796432319
0 0.9538043478260869 0.6091290661070304 0.05672554347826087 0.18494228751311648
0 0.9541440217391305 0.6508394543546695 0.057744565217391304 0.1862539349422875
0 0.953125 0.6996327387198321 0.07982336956521739 0.06243441762854145
0 0.9534646739130435 0.7360965372507869 0.05638586956521739 0.1825813221406086
0 0.8573369565217391 0.48111227701993703 0.043817934782608696 0.1416579223504722
0 0.858016304347826 0.5558761804826863 0.05570652173913043 0.0944386149003148
0 0.858016304347826 0.6225078698845751 0.05536684782608696 0.08656873032528856
0 0.8586956521739131 0.6941238195173137 0.05638586956521739 0.08551941238195174
0 0.8583559782608695 0.7636411332633788 0.05434782608695652 0.08525708289611753
0 0.9500679347826086 0.8659496327387198 0.08050271739130435 0.1345750262329486
0 0.7894021739130435 0.5346274921301154 0.07914402173913043 0.15267576075550893
0 0.790421195652174 0.6930745015739769 0.08220108695652174 0.20041972717733472
0 0.7843070652173914 0.8790661070304302 0.09578804347826086 0.22350472193074503
0 0.7088994565217391 0.5204616998950682 0.07778532608695653 0.08289611752360965
0 0.7099184782608695 0.5650577124868835 0.08016304347826086 0.0708289611752361