0 0.07479296066252587 0.2261904761904762 0.13975155279503104 0.14182194616977226
0 0.07763975155279502 0.26164596273291924 0.04684265010351967 0.09135610766045549
0 0.09135610766045549 0.26216356107660455 0.037525879917184264 0.09057971014492754
0 0.15217391304347827 0.3048654244306418 0.17701863354037267 0.17960662525879917
0 0.29787784679089024 0.16149068322981366 0.05227743271221532 0.08359213250517598
0 0.3170289855072464 0.16666666666666666 0.10740165631469979 0.058747412008281576
0 0.3364389233954451 0.2096273291925466 0.21868530020703933 0.11956521739130435
0 0.38354037267080743 0.2261904761904762 0.1224120082815735 0.21506211180124224
0 0.44073498964803315 0.19772256728778467 0.19332298136645962 0.10559006211180125
0 0.4748964803312629 0.2122153209109731 0.09730848861283643 0.18995859213250518
0 0.5121635610766045 0.21402691511387165 0.11154244306418219 0.18530020703933747
0 0.5535714285714286 0.1873706004140787 0.14803312629399587 0.08022774327122154
0 0.7836438923395446 0.4396997929606625 0.06728778467908902 0.14130434782608695
0 0.7813876158175517 0.44432029904070675 0.04581301201771499 0.19355805195883283
0 0.8273809523809523 0.44616977225672877 0.15476190476190477 0.15631469979296067
0 0.8953676679806668 0.45185649560550933 0.09603812078058048 0.19517746044045864
0 0.9878364389233955 0.47101449275362317 0.024327122153209108 0.12008281573498965
0 0.8607411582084005 0.21728789976975568 0.11435282648887281 0.20677542207162744
0 0.35507246376811596 0.7831262939958592 0.4979296066252588 0.1793478260869565
0 0.5597826086956522 0.7888198757763976 0.30383022774327123 0.2458592132505176
0 0.6780538302277432 0.796583850931677 0.14363354037267081 0.23395445134575568
0 0.9516045548654244 0.6513975155279503 0.09679089026915114 0.20341614906832298