0 0.27305194805194805 0.13527054108216433 0.3538961038961039 0.27054108216432865
0 0.21740014099999672 0.20635352169663634 0.20958633867386367 0.059029507590108374
0 0.22159094079748615 0.21953711221552327 0.13147633631215286 0.10492442288443145
0 0.15584415584415584 0.29208416833667333 0.3116883116883117 0.2565130260521042
0 0.3672077922077922 0.4311122244488978 0.16558441558441558 0.23196392785571143
0 0.30584415584415586 0.48096192384769537 0.2883116883116883 0.17835671342685372
0 0.38311688311688313 0.5245490981963928 0.13376623376623376 0.12725450901803606
0 0.3538961038961039 0.5621242484969939 0.19220779220779222 0.1492985971943888
0 0.39805194805194805 0.5876753507014028 0.1038961038961039 0.20440881763527055
0 0.7895504941769639 0.46125281716648486 0.31052200033523514 0.24781145103358193
0 0.7756493506493507 0.4872244488977956 0.4487012987012987 0.13677354709418837
0 0.8062570210781935 0.5114821692219924 0.2926835024436366 0.23357547405931223
0 0.8077921027106265 0.5363211530240587 0.3138254258707164 0.25044774306585404
0 0.8094155844155844 0.5583667334669339 0.33051948051948055 0.26302605210420843
0 0.8214285714285714 0.5721442885771543 0.2987012987012987 0.23547094188376755
0 0.825 0.5794088176352705 0.30324675324675326 0.22094188376753507
0 0.7987012987012987 0.6392785571142284 0.4025974025974026 0.10120240480961924
0 0.799025974025974 0.6457915831663327 0.40194805194805194 0.08817635270541083
0 0.8103896103896104 0.6535571142284569 0.37922077922077924 0.07264529058116233
0 0.8512987012987013 0.6385270541082164 0.2974025974025974 0.10270541082164329
0 0.8532467532467533 0.6447895791583166 0.2935064935064935 0.09018036072144289
0 0.5146103896103896 0.6683366733466933 0.1292207792207792 0.04308617234468938
0 0.5126623376623377 0.6598196392785571 0.1253246753246753 0.06012024048096192
0 0.512012987012987 0.6495490981963928 0.12402597402597403 0.07665330661322645
0 0.509090909090909 0.6317635270541082 0.11818181818181818 0.08016032064128256
0 0.5058441558441559 0.6139779559118237 0.11168831168831168 0.07765531062124248
0 0.5042207792207792 0.5976953907815631 0.10844155844155844 0.07615230460921844
0 0.5022727272727273 0.5821643286573146 0.10454545454545454 0.07515030060120241
0 0.5035714285714286 0.5636272545090181 0.10714285714285714 0.08016032064128256
0 0.4961038961038961 0.5478456913827655 0.09220779220779221 0.0716432865731463
0 0.49772727272727274 0.5280561122244489 0.09545454545454546 0.07615230460921844
0 0.49512987012987014 0.5027555110220441 0.09025974025974026 0.09168336673346693
0 0.2422077922077922 0.937374749498998 0.2506493506493506 0.125250501002004
0 0.25097402597402596 0.9799599198396793 0.38116883116883116 0.04008016032064128
0 0.7993506493506494 0.7279559118236473 0.2558441558441558 0.07615230460921844
0 0.8308441558441558 0.7775551102204409 0.2461038961038961 0.17535070140280562
0 0.8331168831168831 0.813877755511022 0.33376623376623377 0.12474949899799599
0 0.8350649350649351 0.8604709418837675 0.32987012987012987 0.13577154308617234
0 0.8461038961038961 0.9095691382765531 0.3077922077922078 0.1347695390781563
0 0.8769480519480519 0.9283567134268537 0.2461038961038961 0.1432865731462926
0 0.513961038961039 0.718436873747495 0.1279220779220779 0.05711422845691383
0 0.5207792207792208 0.7407314629258517 0.14155844155844155 0.0906813627254509
0 0.5266233766233767 0.7938376753507014 0.15324675324675324 0.09268537074148296
0 0.5331168831168831 0.8459418837675351 0.16623376623376623 0.093687374749499
0 0.5383116883116883 0.8877755511022044 0.17662337662337663 0.08316633266533066
0 0.5483766233766234 0.935370741482966 0.19675324675324676 0.10020040080160321
0 0.5581168831168831 0.9779559118236473 0.21623376623376622 0.04408817635270541