0 0.04540023894862605 0.04320337197049526 0.0908004778972521 0.08640674394099052
0 0.04271206690561529 0.06138040042149631 0.08542413381123058 0.12276080084299262
0 0.04151732377538829 0.09668071654373024 0.08303464755077658 0.13119072708113805
0 0.043309438470728795 0.13724973656480505 0.08661887694145759 0.13435194942044257
0 0.04390681003584229 0.18071654373024237 0.08781362007168458 0.1422550052687039
0 0.04032258064516129 0.22286617492096944 0.08064516129032258 0.13066385669125394
0 0.04002389486260454 0.2602739726027397 0.08004778972520908 0.12961011591148577
0 0.05017921146953405 0.33719704952581664 0.1003584229390681 0.15279241306638566
0 0.06212664277180406 0.3804004214963119 0.12425328554360812 0.08008429926238145
0 0.04091995221027479 0.4185985247629083 0.08183990442054959 0.1290832455216017
0 0.06093189964157706 0.4610115911485774 0.12186379928315412 0.08324552160168598
0 0.043010752688172046 0.4857744994731296 0.08602150537634409 0.0874604847207587
0 0.2482078853046595 0.044257112750263436 0.16427718040621267 0.08851422550052687
0 0.2494026284348865 0.07060063224446786 0.16547192353643966 0.14120126448893572
0 0.24959221704097403 0.14367693709382445 0.24872400461002114 0.15044126131108917
0 0.2473952399412335 0.22070375380846236 0.16031301297322306 0.14453253138598823
0 0.25224825692442715 0.26419838322821776 0.15842697752647933 0.14283214866380012
0 0.2521175363555592 0.3064517542105058 0.1583956706093448 0.14230527827391592
0 0.2518484747991457 0.3610466555042246 0.1646824554318242 0.14797322068120972
0 0.24985118245144014 0.4196928943491873 0.16782584784306392 0.15080719188485656
0 0.45101553166069297 0.04899894625922023 0.0979689366786141 0.09799789251844046
0 0.45221027479091996 0.07270811380400422 0.0955794504181601 0.14541622760800843
0 0.4540023894862604 0.1620126448893572 0.09199522102747909 0.14488935721812435
0 0.4543010752688172 0.2102212855637513 0.0913978494623656 0.14330874604847207
0 0.45579450418160095 0.24920969441517388 0.0884109916367981 0.13487881981032665
0 0.45340501792114696 0.28846153846153844 0.0931899641577061 0.1417281348788198
0 0.5749701314217444 0.0803477344573235 0.14217443249701314 0.09378292939936776
0 0.5803464755077659 0.10827186512118019 0.13440860215053763 0.08877766069546891
0 0.5791517323775388 0.1327713382507903 0.14097968936678615 0.09325605900948367
0 0.8954599761051374 0.045047418335089566 0.11230585424133811 0.07402528977871443
0 0.8966547192353644 0.07560590094836671 0.11170848267622462 0.0732349841938883
0 0.8948626045400239 0.10721812434141201 0.11320191158900836 0.07455216016859853
0 0.5483870967741935 0.17228661749209695 0.0967741935483871 0.0690200210748156
0 0.5462962962962963 0.19915700737618547 0.09229390681003584 0.0642781875658588
0 0.545400238948626 0.22365648050579556 0.0908004778972521 0.06243414120126449
0 0.5468936678614098 0.24973656480505796 0.0937873357228196 0.0666491043203372
0 0.5567502986857825 0.2792413066385669 0.11320191158900836 0.051106427818756586
0 0.7123655913978495 0.18493150684931506 0.11589008363201912 0.07692307692307693
0 0.7135603345280764 0.21469968387776606 0.17144563918757466 0.04662802950474183
0 0.7123655913978495 0.2405163329820864 0.1081242532855436 0.071390937829294
0 0.8972520908004779 0.14778714436248683 0.13142174432497014 0.08693361433087461
0 0.8966547192353644 0.17992623814541622 0.11857825567502987 0.0779768177028451
0 0.8960573476702509 0.20363540569020022 0.16636798088410992 0.03345626975763962
0 0.8960573476702509 0.23103266596417282 0.16995221027479093 0.04689146469968388
0 0.8939665471923537 0.2594836670179136 0.16905615292712067 0.03661749209694415
0 0.5890083632019116 0.3582718651211802 0.15352449223416964 0.10142255005268704
0 0.5905017921146953 0.38066385669125397 0.1556152927120669 0.10273972602739725
0 0.6018518518518519 0.40305584826132773 0.2037037037037037 0.059009483667017915
0 0.5884109916367981 0.42650158061116966 0.14635603345280765 0.09668071654373024
0 0.5893070489844683 0.4504741833508957 0.1586021505376344 0.10563751317175975
0 0.5875149342891278 0.4755005268703899 0.1430704898446834 0.09430979978925184
0 0.5872162485065711 0.48893572181243417 0.14127837514934288 0.07560590094836671
0 0.8366188769414575 0.29741833508956794 0.16129032258064516 0.10642781875658588
0 0.8375149342891278 0.32639620653319285 0.1556152927120669 0.10273972602739725
0 0.8351254480286738 0.35168598524762906 0.2350657108721625 0.05321390937829294
0 0.8369175627240143 0.37592202318229717 0.15710872162485065 0.10326659641728135
0 0.8381123058542413 0.416491043203372 0.1586021505376344 0.10458377239199157
0 0.8369175627240143 0.4423076923076923 0.15143369175627241 0.09984193888303478
0 0.8372162485065711 0.4673340358271865 0.14336917562724014 0.09088514225500527
0 0.11798088410991636 0.7581664910432033 0.17622461170848266 0.11538461538461539
0 0.11857825567502987 0.7710748155953635 0.16427718040621267 0.10695468914646997
0 0.11439665471923537 0.7837197049525817 0.17054958183990443 0.11169652265542676
0 0.11857825567502987 0.7950474183350895 0.16427718040621267 0.10695468914646997
0 0.12066905615292713 0.8061116965226555 0.16487455197132617 0.10748155953635406
0 0.11409796893667862 0.8145416227608009 0.15710872162485065 0.10273972602739725
0 0.11499402628434886 0.8224446786090621 0.1693548387096774 0.11064278187565858
0 0.11738351254480286 0.8553740779768177 0.17204301075268819 0.1124868282402529
0 0.11857825567502987 0.8643308746048473 0.16487455197132617 0.10748155953635406
0 0.11290322580645161 0.8717070600632244 0.16577060931899643 0.10827186512118019
0 0.12574671445639188 0.8796101159114857 0.25149342891278376 0.0458377239199157
0 0.1135005973715651 0.8875131717597471 0.15710872162485065 0.10273972602739725
0 0.1260454002389486 0.8954162276080084 0.2520908004778972 0.03951527924130664
0 0.11260454002389486 0.9033192834562698 0.15292712066905614 0.09957850368809273
0 0.11379928315412187 0.9320337197049526 0.1693548387096774 0.11064278187565858
0 0.11320191158900836 0.9394099051633298 0.16129032258064516 0.10563751317175975
0 0.12275985663082438 0.945995785036881 0.245221027479092 0.0273972602739726
0 0.12305854241338113 0.9544257112750263 0.2458183990442055 0.03398314014752371
0 0.12455197132616487 0.9623287671232876 0.24910394265232974 0.03161222339304531
0 0.3709677419354839 0.9135932560590094 0.1293309438470729 0.0850895679662803
0 0.3715651135005974 0.922286617492097 0.13022700119474312 0.08561643835616438
0 0.36708482676224613 0.9309799789251844 0.19922341696535245 0.04188619599578504
0 0.37216248506571087 0.9388830347734457 0.12724014336917563 0.08245521601685986
0 0.3715651135005974 0.9433614330874605 0.1347072879330944 0.07402528977871443
0 0.3706690561529271 0.952054794520548 0.11887694145758662 0.05584826132771338
0 0.3718637992831541 0.9552160168598525 0.11857825567502987 0.04926238145416228
0 0.3715651135005974 0.8643308746048473 0.12813620071684587 0.08377239199157008
0 0.3736559139784946 0.8537934668071654 0.12455197132616487 0.08140147523709168
0 0.37007168458781364 0.8456269757639621 0.20698924731182797 0.03898840885142255
0 0.37216248506571087 0.8369336143308747 0.12455197132616487 0.08140147523709168
0 0.3715651135005974 0.8285036880927292 0.13142174432497014 0.08614330874604847
0 0.3709677419354839 0.8192834562697576 0.12664277180406214 0.0827186512118019
0 0.3718637992831541 0.8111169652265543 0.12246117084826762 0.0803477344573235
0 0.37246117084826763 0.8016332982086407 0.13381123058542413 0.08798735511064278
0 0.3715651135005974 0.7932033719704953 0.12724014336917563 0.08324552160168598
0 0.37126642771804064 0.7853003161222339 0.13291517323775387 0.08693361433087461
0 0.37126642771804064 0.7773972602739726 0.20519713261648745 0.025026343519494204
0 0.3694743130227001 0.768177028451001 0.20937873357228196 0.026870389884088516
0 0.37216248506571087 0.7605374077976818 0.2019115890083632 0.023182297154899896
0 0.3709677419354839 0.7505268703898841 0.20937873357228196 0.02528977871443625
0 0.3694743130227001 0.7386722866174921 0.2072879330943847 0.033192834562697573
0 0.37246117084826763 0.7025816649104321 0.20340501792114696 0.0273972602739726
0 0.37216248506571087 0.6936248682824026 0.2025089605734767 0.024499473129610115
0 0.3697729988052569 0.6851949420442571 0.20519713261648745 0.025553213909378293
0 0.3697729988052569 0.678082191780822 0.20758661887694146 0.0273972602739726
0 0.37037037037037035 0.6678082191780822 0.20997610513739545 0.02476290832455216
0 0.37126642771804064 0.6591148577449948 0.2078853046594982 0.02528977871443625
0 0.3709677419354839 0.6509483667017913 0.20400238948626045 0.02528977871443625
0 0.3718637992831541 0.6425184404636459 0.2078853046594982 0.02476290832455216
0 0.3715651135005974 0.6343519494204426 0.20878136200716846 0.02660695468914647
0 0.37037037037037035 0.6256585879873551 0.20400238948626045 0.023972602739726026
0 0.37126642771804064 0.6174920969441517 0.2060931899641577 0.025816649104320338
0 0.3697729988052569 0.6077449947312961 0.20878136200716846 0.025553213909378293
0 0.3694743130227001 0.5993150684931506 0.2060931899641577 0.02713382507903056
0 0.7192353643966547 0.744204425711275 0.3515531660692951 0.2041622760800843
0 0.7135603345280764 0.8229715489989463 0.3055555555555556 0.17755532139093783
0 0.7171445639187575 0.8822444678609063 0.3055555555555556 0.17702845100105374
0 0.7114695340501792 0.9259747102212855 0.29898446833930703 0.13883034773445732