0 0.2677796234772979 0.091015625 0.21810077519379845 0.0322900390625
0 0.2696843853820598 0.1372705078125 0.22375415282392028 0.0450537109375
0 0.2675027685492802 0.1766650390625 0.20881506090808416 0.0275244140625
0 0.26480066445182726 0.212177734375 0.2031450719822813 0.03951171875
0 0.2640254706533776 0.2505517578125 0.20284606866002214 0.031123046875
0 0.26584163898117386 0.28837890625 0.2047452934662237 0.0335986328125
0 0.26271317829457363 0.3287109375 0.19808970099667775 0.0408251953125
0 0.26204872646733113 0.3676220703125 0.19571982281284608 0.02810546875
0 0.2618604651162791 0.4025244140625 0.19978959025470652 0.029912109375
0 0.2690033222591362 0.47521484375 0.2150110741971207 0.043857421875
0 0.2648172757475083 0.51490234375 0.2012624584717608 0.0346435546875
0 0.2641528239202658 0.5504931640625 0.20074750830564786 0.0301953125
0 0.26342746400885936 0.5901708984375 0.19850498338870431 0.0419921875
0 0.2643189368770764 0.635693359375 0.20226467331118494 0.0437158203125
0 0.2652048726467331 0.6769189453125 0.20233665559246955 0.0328759765625
0 0.2629623477297896 0.715966796875 0.19759689922480622 0.0443017578125
0 0.20162790697674418 0.7574169921875 0.0803156146179402 0.0313916015625
0 0.48703765227021045 0.11451171875 0.21180509413067553 0.03859375
0 0.48469545957918053 0.15392578125 0.20262458471760797 0.032314453125
0 0.48456810631229236 0.198798828125 0.20103543743078625 0.0483642578125
0 0.48557032115171656 0.2479150390625 0.19903100775193797 0.04453125
0 0.4851937984496124 0.3191943359375 0.2071705426356589 0.0940283203125
0 0.4834274640088594 0.390673828125 0.20516611295681061 0.04384765625
0 0.48786267995570326 0.431669921875 0.2055204872646733 0.0302197265625
0 0.48775747508305645 0.471025390625 0.2038870431893688 0.04427734375
0 0.4874418604651163 0.5219287109375 0.20820598006644517 0.0531494140625
0 0.48564230343300113 0.5763916015625 0.2025858250276855 0.0548974609375
0 0.7062624584717608 0.0955615234375 0.20728682170542637 0.0397607421875
0 0.7068660022148394 0.14072265625 0.21048172757475084 0.0440771484375
0 0.7056146179401993 0.1860546875 0.20560354374307863 0.041298828125
0 0.7058194905869325 0.22990234375 0.21073089700996678 0.041494140625
0 0.7061074197120709 0.2763037109375 0.21014950166112956 0.0447265625
0 0.7063067552602436 0.361630859375 0.20736987818383168 0.052685546875
0 0.7070764119601329 0.4064990234375 0.2100609080841639 0.0317236328125
0 0.7050276854928017 0.4422802734375 0.20124031007751939 0.0317822265625
0 0.7039534883720929 0.4789306640625 0.19970099667774088 0.0333544921875