0 0.05889145496535797 0.028117359413202935 0.11778290993071594 0.05623471882640587
0 0.040993071593533485 0.05541972290138549 0.08198614318706697 0.11083944580277098
0 0.05975750577367205 0.08475957620211899 0.1195150115473441 0.07497962510187449
0 0.0447459584295612 0.1165444172779136 0.0894919168591224 0.10431947840260798
0 0.06812933025404157 0.14751426242868787 0.13625866050808313 0.06356968215158924
0 0.05484988452655889 0.1811328443357783 0.10969976905311778 0.11124694376528117
0 0.05369515011547344 0.21352893235533824 0.10739030023094688 0.09698451507742462
0 0.057736720554272515 0.24225753871230643 0.11547344110854503 0.09902200488997555
0 0.07678983833718245 0.30134474327628363 0.1535796766743649 0.11939690301548492
0 0.07448036951501155 0.3345558272208639 0.1489607390300231 0.10757946210268948
0 0.09324480369515012 0.3640994295028525 0.18648960739030024 0.05990220048899755
0 0.08640430778887666 0.396987856469845 0.15598611054516304 0.10861283906686733
0 0.1033487297921478 0.43418907905460474 0.2066974595842956 0.06397718011409943
0 0.10854503464203233 0.4684189079054605 0.21709006928406466 0.0647921760391198
0 0.11263709698094763 0.5009934816848136 0.15892670005637682 0.11025468468587893
0 0.05827843710445291 0.5419219981572025 0.0931183460270465 0.04031175017927536
0 0.22026558891454964 0.022616136919315404 0.2222863741339492 0.04523227383863081
0 0.22950346420323325 0.05297473512632437 0.16224018475750576 0.10594947025264874
0 0.24167404216621782 0.0900061157366905 0.16247153351488347 0.11271389698370526
0 0.2563112460941625 0.14873797892162974 0.20619114616979745 0.1430441819902296
0 0.26952518956456284 0.20807516216584884 0.1648347558205544 0.11435337184892279
0 0.28274512810727526 0.24133603194010722 0.16306233909130113 0.11312376570000962
0 0.2910305686611244 0.2737617543820946 0.22584657693166546 0.07385961700767714
0 0.3016593153353739 0.3159757255626061 0.2342656770811395 0.08408025662355058
0 0.3112273961946631 0.3610374409731005 0.22537671669312304 0.07711722995396447
0 0.4454387990762125 0.01691116544417278 0.16570438799076212 0.03382233088834556
0 0.45409930715935337 0.03484107579462103 0.15993071593533487 0.06968215158924206
0 0.4635027875772904 0.0507838627708935 0.23145898853659236 0.06899334899549688
0 0.47371518612545577 0.08912541793066116 0.16247153351488347 0.11271389698370526
0 0.49219286767115766 0.15928144858865087 0.17074281158473212 0.11845205901196665
0 0.5023649511066978 0.19640050986088795 0.1553684282269951 0.1073879744255425
0 0.5079648898249169 0.22616682715448516 0.14535161016964349 0.10123520217338834
0 0.5147397205105342 0.2565491328994361 0.21855533445152686 0.06282872297437175
0 0.6905311778290993 0.11613691931540342 0.098729792147806 0.1039119804400978
0 0.7092956120092379 0.1458842705786471 0.13337182448036952 0.05419722901385493
0 0.7000577367205543 0.17237163814180928 0.11403002309468822 0.11185819070904646
0 0.9105080831408776 0.07253463732681337 0.1203810623556582 0.05786471067644662
0 0.9168591224018475 0.10493072534637327 0.08169745958429561 0.08027709861450692
0 0.9220554272517321 0.13854930725346373 0.12009237875288684 0.05052974735126324
0 0.684757505773672 0.21515892420537897 0.08198614318706697 0.08312958435207823
0 0.6882217090069284 0.24409127954360227 0.07650115473441109 0.0745721271393643
0 0.6928406466512702 0.2701711491442543 0.07592378752886836 0.07416462917685411
0 0.6980369515011547 0.2980847595762021 0.08169745958429561 0.08027709861450692
0 0.7035219399538106 0.33007334963325186 0.08602771362586605 0.0845558272208639
0 0.8103348729792148 0.22493887530562348 0.1203810623556582 0.05704971475142624
0 0.8163972286374134 0.256519967400163 0.08660508083140878 0.08496332518337409
0 0.8207274826789839 0.2844335778321108 0.11633949191685912 0.04523227383863081
0 0.930715935334873 0.1821515892420538 0.12153579676674364 0.06601466992665037
0 0.9376443418013857 0.2169926650366748 0.08458429561200924 0.08312958435207823
0 0.941108545034642 0.24185004074979624 0.11778290993071594 0.04849225753871231
0 0.9434180138568129 0.27118989405052973 0.11316397228637413 0.05745721271393643
0 0.9451501154734411 0.3019559902200489 0.10969976905311778 0.05378973105134474
0 0.750866050808314 0.41381418092909533 0.11836027713625866 0.11613691931540342
0 0.7560623556581986 0.4374490627546862 0.11836027713625866 0.1165444172779136
0 0.7598152424942263 0.46169519152404237 0.12211316397228637 0.1200081499592502
0 0.7635681293302541 0.4863488182559087 0.11633949191685912 0.11430317848410758
0 0.7687644341801386 0.5122249388753056 0.12702078521939955 0.12428687856560718
0 0.7725173210161663 0.539119804400978 0.17032332563510394 0.061532192339038304
0 0.7768475750577367 0.5594947025264874 0.17176674364896075 0.06030969845150774
0 0.9174364896073903 0.34331703341483294 0.1651270207852194 0.06519967400162999
0 0.9209006928406467 0.37428687856560716 0.15790993071593534 0.05969845150774246
0 0.9284064665127021 0.4013854930725346 0.1111431870669746 0.10900570497147515
0 0.9344688221709007 0.42746536267318663 0.11200923787528869 0.10961695191524043
0 0.9312933025404158 0.4704563977180114 0.1374133949191686 0.059494702526487364
0 0.9468822170900693 0.49837000814995924 0.10594688221709007 0.10472697636511817
0 0.9486143187066974 0.5277098614506928 0.10248267898383372 0.10900570497147515
0 0.1997690531177829 0.8027709861450693 0.22575057736720555 0.09678076609616952
0 0.20409930715935334 0.8137734311328443 0.35941108545034645 0.038712306438467806
0 0.20583140877598152 0.823960880195599 0.2323903002309469 0.09963325183374083
0 0.21333718244803695 0.8339445802770986 0.35941108545034645 0.05256723716381418
0 0.21968822170900693 0.8429095354523227 0.22575057736720555 0.09678076609616952
0 0.21651270207852194 0.850040749796251 0.34382217090069284 0.04136104319478403
0 0.2199769053117783 0.856560717196414 0.22632794457274827 0.09718826405867971
0 0.23441108545034642 0.8842705786471068 0.21795612009237875 0.09392828035859821
0 0.23787528868360278 0.8916055419722901 0.21795612009237875 0.09352078239608802
0 0.2338337182448037 0.8977180114099429 0.22315242494226328 0.09535452322738386
0 0.24133949191685913 0.9046454767726161 0.2214203233256351 0.09494702526487367
0 0.24191685912240185 0.9113691931540342 0.3394919168591224 0.04095354523227384
0 0.2471131639722864 0.9174816625916871 0.21535796766743648 0.09229828850855745
0 0.24509237875288684 0.9244091279543603 0.33920323325635104 0.03443357783211084
0 0.2566397228637413 0.9484515077424613 0.34295612009237875 0.04380603096984515
0 0.2583718244803695 0.954360228198859 0.2144919168591224 0.09127954360228199
0 0.2624133949191686 0.9600651996740016 0.33545034642032334 0.04095354523227384
0 0.26299076212471134 0.9669926650366748 0.34122401847575057 0.039119804400977995
0 0.26876443418013857 0.9735126324368378 0.342378752886836 0.04523227383863081
0 0.5663972286374134 0.9292991035044825 0.14665127020785218 0.07029339853300734
0 0.5681293302540416 0.9366340668296659 0.14289838337182448 0.07029339853300734
0 0.5684180138568129 0.9435615321923391 0.1426096997690531 0.07396088019559902
0 0.5707274826789839 0.9508964955175224 0.1379907621247113 0.07212713936430318
0 0.5684180138568129 0.9563977180114099 0.1426096997690531 0.07008964955175224
0 0.5513856812933026 0.9724938875305623 0.1766743648960739 0.03300733496332518
0 0.5516743648960739 0.9773838630806846 0.17609699769053117 0.03463732681336593
0 0.5360854503464203 0.8879380603096985 0.20727482678983833 0.032599837000814993
0 0.5349307159353349 0.8787693561532193 0.20958429561200922 0.029747351263243682
0 0.5510969976905312 0.8722493887530562 0.16570438799076212 0.0711083944580277
0 0.5496535796766744 0.8649144254278729 0.1581986143187067 0.0678484107579462
0 0.5288683602771362 0.8575794621026895 0.22170900692840648 0.03219233903830481
0 0.5424364896073903 0.8502444987775061 0.1581986143187067 0.0678484107579462
0 0.5409930715935335 0.8433170334148329 0.1683025404157044 0.07192339038304808
0 0.5378175519630485 0.8355745721271394 0.1674364896073903 0.07212713936430318
0 0.5337759815242494 0.8284433577832111 0.1581986143187067 0.0678484107579462
0 0.5207852193995381 0.8215158924205379 0.23787528868360278 0.03341483292583537
0 0.5207852193995381 0.8147921760391198 0.23787528868360278 0.024857375713121434
0 0.516743648960739 0.8076609616951915 0.24595842956120093 0.026487367563162185
0 0.5193418013856813 0.8009372453137734 0.2407621247113164 0.022819885900570498
0 0.5147228637413395 0.7927872860635696 0.25 0.02506112469437653
0 0.5118360277136259 0.78239608801956 0.2557736720554272 0.03178484107579462
0 0.5034642032332564 0.7526487367563163 0.25028868360277134 0.026487367563162185
0 0.49971131639722866 0.7451100244498777 0.2485565819861432 0.02404237978810106
0 0.4939376443418014 0.7379788101059495 0.2517321016166282 0.02506112469437653
0 0.4916281755196305 0.7318663406682967 0.25519630484988454 0.026487367563162185
0 0.48816397228637415 0.7235126324368378 0.2577944572748268 0.02465362673186634
0 0.48700923787528866 0.7161776691116545 0.25519630484988454 0.02465362673186634
0 0.48325635103926096 0.7092502037489813 0.25028868360277134 0.02506112469437653
0 0.4821016166281755 0.702118989405053 0.25519630484988454 0.024246128769356154
0 0.47863741339491916 0.6951915240423798 0.2569284064665127 0.026079869600651995
0 0.4740184757505774 0.6880603096984516 0.2508660508083141 0.02404237978810106
0 0.47257505773672054 0.6811328443357784 0.25346420323325636 0.025468622656886715
0 0.46709006928406466 0.6731866340668297 0.2560623556581986 0.025468622656886715
0 0.4636258660508083 0.6660554197229014 0.25346420323325636 0.026487367563162185
0 0.7009237875288684 0.6786878565607172 0.12240184757505773 0.1780766096169519
0 0.746824480369515 0.7092502037489813 0.21420323325635104 0.0973920130399348
0 0.7176674364896074 0.7506112469437652 0.1558891454965358 0.21515892420537897
0 0.7537528868360277 0.7907497962510187 0.22806004618937645 0.12102689486552567
0 0.7205542725173211 0.8280358598207009 0.16166281755196305 0.19885900570497148
0 0.7615473441108545 0.863080684596577 0.24364896073903003 0.10350448247758762
0 0.7352771362586605 0.8989405052974735 0.19110854503464203 0.20211898940505296
0 0.7349884526558892 0.9240016299918501 0.1905311778290993 0.15199674001629992
0 0.7375866050808314 0.94559902200489 0.19572748267898382 0.10880195599022005
0 0.7456697459584296 0.9641401792991035 0.21189376443418015 0.07171964140179299
0 0.9503464203233256 0.815403422982885 0.09930715935334873 0.08557457212713937
0 0.9535219399538106 0.8302770986145069 0.09295612009237875 0.08842705786471068
0 0.9558314087759815 0.8461695191524042 0.08833718244803695 0.0745721271393643
0 0.9621824480369515 0.917277913610432 0.075635103926097 0.044009779951100246