0 0.03912466843501326 0.2021004098360656 0.07824933687002653 0.18288934426229508
0 0.2574105466453655 0.19868783815635888 0.24552970528493695 0.1995155459579186
0 0.4864058355437666 0.18980532786885246 0.10676392572944297 0.20952868852459017
0 0.06001326259946949 0.3734631147540984 0.12002652519893899 0.2305327868852459
0 0.29020298941189676 0.3566777942650192 0.2958345240913226 0.15183848868677027
0 0.4953580901856764 0.3473360655737705 0.08885941644562334 0.22336065573770492
0 0.1497178874899691 0.5194189594036885 0.28175539950730466 0.22895226585334905
0 0.4244031830238727 0.49001024590163933 0.23076923076923078 0.14600409836065573
0 0.1346153846153846 0.703125 0.2692307692307692 0.07325819672131148
0 0.6994377585447233 0.09338180944514131 0.11203131361361887 0.09103578189883166
0 0.7324270557029178 0.14907786885245902 0.3852785145888594 0.29815573770491804
0 0.7055702917771883 0.1367827868852459 0.33156498673740054 0.2735655737704918
0 0.7015962083317313 0.14834511533806646 0.213999934387691 0.17389469716004377
0 0.769893899204244 0.16675204918032788 0.46021220159151194 0.10809426229508197
0 0.7070126686612807 0.1852696779435891 0.2824339619124361 0.23000968537782437
0 0.7097228278800124 0.20360388547585856 0.30523501613291343 0.24803162134112827
0 0.7015607884788647 0.21678575282150056 0.17627729429463201 0.045072731362973746
0 0.7055817752128895 0.23621020923878608 0.12345113126342833 0.10132748758540171
0 0.769893899204244 0.25537909836065575 0.46021220159151194 0.12243852459016394
0 0.7153510195570807 0.27053053973700386 0.3335085439506145 0.05746394554883914
0 0.748342175066313 0.29200819672131145 0.4171087533156499 0.07377049180327869
0 0.7622679045092838 0.31019467213114754 0.4449602122015915 0.0855532786885246
0 0.726268586296411 0.3607895222512703 0.19344922766252196 0.04131563899932865
0 0.7249806751347233 0.38020749132521325 0.17619241592052065 0.039437485461334396
0 0.769893899204244 0.39728483606557374 0.46021220159151194 0.10809426229508197
0 0.7652770469062403 0.4145010871624044 0.3886100614756495 0.06428714312945993
0 0.7319619012202604 0.4674518747254154 0.35807521783249535 0.06072781221671607
0 0.7387267904509284 0.48616803278688525 0.3978779840848806 0.06659836065573771
0 0.7430371352785146 0.5005122950819673 0.40649867374005305 0.06557377049180328
0 0.7351536270466221 0.5199029492493157 0.16755629383369156 0.03798611361037018
0 0.7375206469548741 0.5389891847242655 0.19004869942103675 0.035516246294985676
0 0.7427055702917772 0.5558401639344263 0.40583554376657827 0.06454918032786885
0 0.7429602559319083 0.5743768620838865 0.1502377523650638 0.032009599416638224
0 0.7567582032259527 0.6276093539174227 0.28526209641934835 0.06582559895067501
0 0.35444297082228116 0.9728483606557377 0.3706896551724138 0.05430327868852459
0 0.6130636604774535 0.8639856557377049 0.14655172413793102 0.06096311475409836
0 0.6472148541114059 0.9029200819672131 0.21485411140583555 0.061987704918032786
0 0.6339522546419099 0.9385245901639344 0.1883289124668435 0.0625
0 0.6319628647214854 0.9710553278688525 0.1843501326259947 0.057889344262295084
0 0.6372679045092838 0.9889856557377049 0.19496021220159152 0.022028688524590164