0 0.26268115942028986 0.07349896480331262 0.13405797101449277 0.14699792960662525
0 0.2719979296066253 0.27820910973084884 0.11542443064182195 0.2520703933747412
0 0.25336438923395443 0.5085403726708074 0.15269151138716355 0.2220496894409938
0 0.15335989470008532 0.142137969479388 0.23429035624433156 0.23093607175813993
0 0.15781470114544127 0.4138602354317303 0.23646933162519618 0.23259737150820833
0 0.9285714285714286 0.46195652173913043 0.14285714285714285 0.31521739130434784
0 0.9622153209109731 0.4200310559006211 0.07556935817805382 0.39906832298136646
0 0.9045031055900621 0.46273291925465837 0.19099378881987578 0.3136645962732919
0 0.8944099378881988 0.4640269151138716 0.2111801242236025 0.3059006211180124
0 0.917184265010352 0.41873706004140787 0.16563146997929606 0.40165631469979296
0 0.865424430641822 0.45781573498964806 0.2691511387163561 0.31521739130434784
0 0.852743271221532 0.4554865424430642 0.2945134575569358 0.3136645962732919
0 0.8361801242236024 0.453416149068323 0.327639751552795 0.32712215320910976
0 0.812111801242236 0.41537267080745344 0.13871635610766045 0.4083850931677019
0 0.7857863975144976 0.4436174087225862 0.34168987731322253 0.33609503096150967
0 0.7585403726708074 0.4076086956521739 0.12474120082815734 0.42391304347826086
0 0.7331780538302277 0.40709109730848864 0.12577639751552794 0.4249482401656315
0 0.7041925465838509 0.40476190476190477 0.12784679089026915 0.42960662525879917
0 0.6669254658385093 0.4019151138716356 0.14337474120082816 0.4353002070393375
0 0.4917184265010352 0.22308488612836438 0.13354037267080746 0.44616977225672877
0 0.4640269151138716 0.22282608695652173 0.12991718426501034 0.44565217391304346
0 0.4391821946169772 0.2204968944099379 0.12784679089026915 0.4409937888198758
0 0.41278467908902694 0.21842650103519667 0.13302277432712215 0.43685300207039335
0 0.38819875776397517 0.21739130434782608 0.11697722567287784 0.43478260869565216
0 0.3752587991718426 0.21972049689440995 0.09109730848861283 0.4394409937888199
0 0.36231884057971014 0.21480331262939958 0.06521739130434782 0.42960662525879917
0 0.07324016563146998 0.7981366459627329 0.14648033126293997 0.2474120082815735
0 0.18578488223382503 0.7977558626979739 0.14257396151933732 0.26893264338919776
0 0.275879917184265 0.8418737060041408 0.10766045548654245 0.2531055900621118
0 0.739648033126294 0.8097826086956522 0.520703933747412 0.3804347826086957
0 0.7334368530020704 0.8097826086956522 0.2536231884057971 0.3804347826086957
0 0.6446687370600414 0.8066770186335404 0.6237060041407867 0.37422360248447206
0 0.6017080745341615 0.8097826086956522 0.5439958592132506 0.3804347826086957
0 0.4583333333333333 0.8097826086956522 0.2572463768115942 0.3804347826086957