0 0.20315904139433552 0.18253968253968253 0.1906318082788671 0.36507936507936506
0 0.17516772629565214 0.16137585247604766 0.31807694318608054 0.26467491695265394
0 0.15413943355119825 0.15432098765432098 0.3082788671023965 0.2786596119929453
0 0.10348583877995643 0.17548500881834214 0.1830065359477124 0.3509700176366843
0 0.119281045751634 0.1384479717813051 0.238562091503268 0.2768959435626102
0 0.05991285403050109 0.16225749559082892 0.11982570806100218 0.32451499118165783
0 0.08115468409586056 0.12874779541446207 0.16230936819172112 0.25749559082892415
0 0.020152505446623094 0.16005291005291006 0.04030501089324619 0.3201058201058201
0 0.9596949891067538 0.2535273368606702 0.05337690631808279 0.164021164021164
0 0.8856209150326797 0.4078483245149912 0.12745098039215685 0.10802469135802469
0 0.9117647058823529 0.24426807760141092 0.1454248366013072 0.11022927689594356
0 0.8839869281045751 0.23765432098765432 0.14596949891067537 0.12874779541446207
0 0.8224400871459695 0.4007936507936508 0.22440087145969498 0.1164021164021164
0 0.7788671023965141 0.3073192239858907 0.394880174291939 0.20414462081128748
0 0.7189542483660131 0.2976190476190476 0.1906318082788671 0.2244268077601411
0 0.6203703703703703 0.20590828924162258 0.25925925925925924 0.13403880070546736
0 0.5533769063180828 0.36331569664902996 0.15250544662309368 0.15696649029982362
0 0.4673202614379085 0.35185185185185186 0.23529411764705882 0.12257495590828923
0 0.5364923747276689 0.19753086419753085 0.1437908496732026 0.17195767195767195
0 0.39923747276688454 0.18562610229276896 0.09912854030501089 0.10493827160493827
0 0.3818082788671024 0.18253968253968253 0.06372549019607843 0.08245149911816578
0 0.30610021786492375 0.8756613756613757 0.08714596949891068 0.15167548500881833
0 0.29411764705882354 0.8672839506172839 0.1111111111111111 0.17724867724867724
0 0.19553376906318082 0.9109347442680776 0.3082788671023965 0.1781305114638448
0 0.15904139433551198 0.8972663139329806 0.16339869281045752 0.2054673721340388
0 0.09313725490196079 0.8227513227513228 0.18627450980392157 0.18518518518518517
0 0.03213507625272331 0.8117283950617284 0.06427015250544663 0.23721340388007053
0 0.8867102396514162 0.8778659611992945 0.22657952069716775 0.24426807760141092
0 0.8687363834422658 0.8756613756613757 0.2625272331154684 0.24867724867724866
0 0.9030501089324618 0.8355379188712522 0.16993464052287582 0.3289241622574956
0 0.8698257080610022 0.8324514991181657 0.18845315904139434 0.3350970017636684
0 0.8197167755991286 0.8659611992945326 0.36056644880174293 0.26807760141093473
0 0.8055555555555556 0.8672839506172839 0.3779956427015251 0.2654320987654321
0 0.7739651416122004 0.8231922398589065 0.210239651416122 0.35361552028218696
0 0.7434640522875817 0.8611111111111112 0.37363834422657954 0.2777777777777778
0 0.710239651416122 0.8558201058201058 0.3877995642701525 0.28835978835978837
0 0.6786492374727668 0.8077601410934744 0.22004357298474944 0.3844797178130511
0 0.6470588235294118 0.8408289241622575 0.4139433551198257 0.318342151675485
0 0.6160130718954249 0.8011463844797179 0.20152505446623092 0.3977072310405644
0 0.5811546840958606 0.8368606701940036 0.4019607843137255 0.3262786596119929
0 0.5370370370370371 0.7927689594356261 0.18518518518518517 0.4144620811287478
0 0.4133986928104575 0.6851851851851852 0.12745098039215685 0.291005291005291
0 0.4493464052287582 0.6432980599647267 0.19934640522875818 0.2072310405643739