0 0.4588541666666667 0.17997750281214847 0.11692708333333333 0.1265466816647919
0 0.45 0.1782902137232846 0.13463541666666667 0.1296400449943757
0 0.43984375 0.17913385826771652 0.15572916666666667 0.13413948256467942
0 0.39375 0.1780089988751406 0.06276041666666667 0.2123172103487064
0 0.375 0.1780089988751406 0.16223958333333333 0.13835770528683913
0 0.35911458333333335 0.17744656917885265 0.07760416666666667 0.21316085489313835
0 0.19557291666666668 0.17350956130483688 0.15807291666666667 0.13526434195725534
0 0.18072916666666666 0.1763217097862767 0.06848958333333334 0.21372328458942633
0 0.16302083333333334 0.1749156355455568 0.16640625 0.14257592800899888
0 0.14296875 0.1749156355455568 0.15859375 0.13526434195725534
0 0.12473958333333333 0.17238470191226096 0.14609375 0.12485939257592801
0 0.10677083333333333 0.17154105736782901 0.05286458333333333 0.20613048368953882
0 0.08854166666666667 0.172103487064117 0.159375 0.13667041619797526
0 0.07630208333333334 0.17379077615298089 0.15234375 0.13835770528683913
0 0.0671875 0.17294713160854894 0.134375 0.13667041619797526
0 0.03515625 0.17238470191226096 0.059375 0.21119235095613048
0 0.008333333333333333 0.17604049493813273 0.016666666666666666 0.21287964004499438
0 0.018229166666666668 0.17350956130483688 0.036458333333333336 0.12429696287964004
0 0.9653645833333333 0.17885264341957255 0.032552083333333336 0.07058492688413948
0 0.9721354166666667 0.1782902137232846 0.02734375 0.11614173228346457
0 0.8911458333333333 0.2992125984251969 0.11067708333333333 0.08239595050618673
0 0.8643229166666667 0.29893138357705284 0.046614583333333334 0.109392575928009
0 0.8302083333333333 0.296962879640045 0.11822916666666666 0.08858267716535433
0 0.77734375 0.29471316085489313 0.11145833333333334 0.08295838020247469
0 0.871875 0.4074803149606299 0.12578125 0.093644544431946
0 0.6697916666666667 0.2952755905511811 0.04010416666666667 0.10854893138357705
0 0.63828125 0.29865016872890887 0.12291666666666666 0.09139482564679415
0 0.5997395833333333 0.29443194600674916 0.10833333333333334 0.08070866141732283
0 0.5791666666666667 0.29443194600674916 0.09895833333333333 0.07395950506186727
0 0.5567708333333333 0.297525309336333 0.05078125 0.12373453318335208
0 0.6588541666666666 0.4052305961754781 0.06302083333333333 0.11557930258717661
0 0.603125 0.405793025871766 0.0921875 0.11698537682789652
0 0.6151041666666667 0.17379077615298089 0.15416666666666667 0.1141732283464567
0 0.8190104166666666 0.17097862767154107 0.09401041666666667 0.11304836895388076
0 0.18723958333333332 0.6532620922384702 0.20989583333333334 0.2075365579302587
0 0.11067708333333333 0.6518560179977503 0.20572916666666666 0.2047244094488189
0 0.06145833333333333 0.6347019122609674 0.12291666666666666 0.1704161979752531
0 0.91640625 0.9145106861642295 0.1578125 0.17097862767154107
0 0.8375187795619533 0.8445261758155557 0.09920356312907615 0.10948282945508456
0 0.8286813011535615 0.8434084551856678 0.10640829117755643 0.11743409639875
0 0.8432291666666667 0.9727221597300337 0.046875 0.05455568053993251
0 0.7675602303125378 0.8407446904879551 0.07334736787867654 0.18869439798825147
0 0.7723958333333333 0.9834083239595051 0.12604166666666666 0.033183352080989874
0 0.7343270265288537 0.8359082031619376 0.05123873226282806 0.18269072877110346
0 0.7227685636458712 0.8365129553567799 0.10640829117755667 0.11743409639875
0 0.7137642026547304 0.8382073832083319 0.10696250102743979 0.11804573231749331
0 0.7036413291712802 0.8366854321741611 0.10252882222837485 0.1131526449675455
0 0.6939558477297889 0.8366187616031658 0.0347723246954601 0.18449070783025454
0 0.7356770833333334 0.9865016872890888 0.11510416666666666 0.02699662542182227
0 0.7161458333333334 0.9873453318335208 0.11354166666666667 0.02530933633295838
0 0.7072916666666667 0.969066366704162 0.042708333333333334 0.06186726659167604
0 0.6979166666666666 0.9699100112485939 0.041666666666666664 0.06017997750281215