0 0.4258241758241758 0.06097560975609756 0.07245879120879122 0.036055143160127257
0 0.48214285714285715 0.1224814422057264 0.2190934065934066 0.05911983032873807
0 0.4653159340659341 0.17762460233297986 0.16689560439560439 0.08324496288441145
0 0.46016483516483514 0.23356309650053023 0.21222527472527472 0.05726405090137858
0 0.44574175824175827 0.28923647932131497 0.15831043956043955 0.07741251325556733
0 0.770260989010989 0.30381760339342523 0.16002747252747251 0.06601272534464475
0 0.7743818681318682 0.2545068928950159 0.20570054945054944 0.05752916224814422
0 0.7877747252747253 0.19618239660657477 0.2084478021978022 0.05408271474019088
0 0.7891483516483516 0.14050901378579003 0.1771978021978022 0.04188759278897137
0 0.8210851648351648 0.08510074231177095 0.2132554945054945 0.04480381760339343
0 0.10851648351648352 0.4443266171792153 0.08344780219780219 0.12301166489925769
0 0.10611263736263736 0.4769353128313892 0.12328296703296704 0.07582184517497349
0 0.09958791208791208 0.5320784729586426 0.09615384615384616 0.14262990455991517
0 0.09684065934065934 0.5877518557794273 0.12568681318681318 0.08642629904559915
0 0.08928571428571429 0.6545599151643691 0.09375 0.13812301166489926
0 0.08653846153846154 0.7340933191940615 0.10267857142857142 0.15137857900318133
0 0.07726648351648352 0.8398727465535525 0.11675824175824176 0.11850477200424178
0 0.23145604395604397 0.8441145281018028 0.17032967032967034 0.09544008483563096
0 0.22767857142857142 0.8857370095440085 0.16895604395604397 0.08324496288441145
0 0.23866758241758243 0.7550371155885471 0.15144230769230768 0.0861611876988335
0 0.23660714285714285 0.7091728525980912 0.10508241758241758 0.15509013785790032
0 0.24519230769230768 0.6741781548250265 0.11538461538461539 0.1702014846235419
0 0.2441620879120879 0.6378579003181336 0.11057692307692307 0.16304347826086957
0 0.24896978021978022 0.6010074231177094 0.16826923076923078 0.10949098621420997
0 0.24896978021978022 0.5654825026511134 0.11916208791208792 0.17550371155885472
0 0.2537774725274725 0.5267762460233298 0.1614010989010989 0.09172852598091198
0 0.25583791208791207 0.48435843054082717 0.16792582417582416 0.08483563096500531
0 0.5776098901098901 0.4127783669141039 0.21050824175824176 0.12645811240721103
0 0.573489010989011 0.4501590668080594 0.3001373626373626 0.07237539766702014
0 0.5666208791208791 0.4931071049840933 0.19471153846153846 0.11638388123011664
0 0.564217032967033 0.5365853658536586 0.29395604395604397 0.07317073170731707
0 0.8959478021978022 0.4342523860021209 0.14938186813186813 0.08907741251325557
0 0.895260989010989 0.47932131495228 0.18956043956043955 0.11240721102863202
0 0.8701923076923077 0.5233297985153764 0.25927197802197804 0.06230116648992577
0 0.8643543956043956 0.5612407211028632 0.27129120879120877 0.07529162248144221
0 0.7050137362637363 0.5869565217391305 0.2692307692307692 0.05911983032873807
0 0.6775412087912088 0.6778897136797455 0.6445741758241759 0.20068928950159068
0 0.5339972527472527 0.7656415694591728 0.20501373626373626 0.12168610816542948
0 0.8348214285714286 0.7900318133616119 0.21153846153846154 0.12645811240721103
0 0.5130494505494505 0.8266171792152704 0.22321428571428573 0.1333510074231177
0 0.8173076923076923 0.8480911983032874 0.26785714285714285 0.09809119830328739
0 0.6555631868131868 0.8944856839872747 0.19608516483516483 0.11717921527041357
0 0.6510989010989011 0.9050901378579003 0.18097527472527472 0.029427359490986214
0 0.6507554945054945 0.9170201484623541 0.14285714285714285 0.022799575821845174
0 0.6449175824175825 0.9270943796394485 0.16826923076923078 0.027571580063626724