0 0.07062146892655367 0.05431222707423581 0.14124293785310735 0.10862445414847162
0 0.04519774011299435 0.31086244541484714 0.0903954802259887 0.19814410480349345
0 0.07662429378531073 0.3067685589519651 0.15324858757062146 0.20633187772925765
0 0.11546610169491525 0.3018558951965066 0.2309322033898305 0.21615720524017468
0 0.15819209039548024 0.2726528384279476 0.18785310734463276 0.27456331877729256
0 0.7665960451977402 0.20769650655021835 0.2916666666666667 0.23171397379912664
0 0.6564265536723164 0.21533842794759825 0.3089689265536723 0.17221615720524017
0 0.5632062146892656 0.22570960698689957 0.12570621468926554 0.2197052401746725
0 0.5515536723163842 0.22298034934497818 0.09569209039548023 0.15010917030567686
0 0.4364406779661017 0.7671943231441049 0.10557909604519775 0.20360262008733623
0 0.3905367231638418 0.7721069868995634 0.1973870056497175 0.14929039301310043
0 0.3442796610169492 0.7786572052401747 0.125 0.20114628820960698
0 0.24187853107344634 0.7912117903930131 0.22033898305084745 0.15747816593886463
0 0.1931497175141243 0.8010371179039302 0.19809322033898305 0.1427401746724891
0 0.1348870056497175 0.8070414847161572 0.15430790960451976 0.2096069868995633
0 0.07238700564971752 0.8114082969432315 0.08439265536723164 0.12390829694323144
0 0.827683615819209 0.5529475982532751 0.13312146892655366 0.2710152838427948
0 0.7365819209039548 0.5305676855895196 0.19350282485875706 0.23307860262008734
0 0.655367231638418 0.5747816593886463 0.12888418079096045 0.2944868995633188
0 0.5953389830508474 0.5543122270742358 0.1437146892655367 0.23171397379912664
0 0.809322033898305 0.8850982532751092 0.1864406779661017 0.22980349344978165
0 0.719632768361582 0.8700873362445415 0.1373587570621469 0.259825327510917
0 0.6659604519774012 0.9107532751091703 0.16596045197740114 0.1784934497816594
0 0.6472457627118644 0.9096615720524017 0.13135593220338984 0.1806768558951965