0 0.0847457627118644 0.060043668122270744 0.11546610169491525 0.12008733624454149
0 0.08439265536723164 0.10753275109170306 0.11652542372881355 0.12581877729257643
0 0.07944915254237288 0.17194323144104803 0.134180790960452 0.1449235807860262
0 0.07909604519774012 0.25109170305676853 0.12358757062146893 0.1340065502183406
0 0.07733050847457627 0.31413755458515286 0.120409604519774 0.13073144104803494
0 0.0759180790960452 0.3796397379912664 0.13877118644067796 0.14983624454148473
0 0.23622881355932204 0.10480349344978165 0.07238700564971752 0.07805676855895197
0 0.2397598870056497 0.11872270742358079 0.10028248587570622 0.0226528384279476
0 0.2344632768361582 0.1318231441048035 0.07768361581920905 0.08460698689956332
0 0.2376412429378531 0.1435589519650655 0.04343220338983051 0.04694323144104803
0 0.23693502824858756 0.15693231441048036 0.04519774011299435 0.04967248908296943
0 0.2365819209039548 0.1689410480349345 0.10981638418079095 0.024563318777292575
0 0.23587570621468926 0.18149563318777293 0.03001412429378531 0.03247816593886463
0 0.23622881355932204 0.19186681222707425 0.11899717514124294 0.026746724890829694
0 0.2309322033898305 0.2033296943231441 0.08403954802259887 0.09143013100436681
0 0.23622881355932204 0.21588427947598254 0.058968926553672314 0.06413755458515284
0 0.2344632768361582 0.2292576419213974 0.07980225988700565 0.0865174672489083
0 0.823093220338983 0.04093886462882096 0.196680790960452 0.07450873362445415
0 0.8174435028248588 0.06850436681222707 0.22281073446327684 0.08460698689956332
0 0.8192090395480226 0.09907205240174673 0.196680790960452 0.07450873362445415
0 0.8125 0.12963973799126638 0.20833333333333334 0.0783296943231441
0 0.4795197740112994 0.048853711790393016 0.1574858757062147 0.0597707423580786
0 0.4699858757062147 0.0810589519650655 0.20692090395480225 0.07778384279475982
0 0.4699858757062147 0.11299126637554585 0.2153954802259887 0.0810589519650655
0 0.4703389830508475 0.14028384279475983 0.3195621468926554 0.03793668122270742
0 0.649364406779661 0.16293668122270744 0.20268361581920905 0.07723799126637555
0 0.6278248587570622 0.22816593886462883 0.561087570621469 0.21315502183406113
0 0.7916666666666666 0.29503275109170307 0.21680790960451976 0.08160480349344978
0 0.4643361581920904 0.3048580786026201 0.3004943502824859 0.043395196506550215
0 0.8004943502824858 0.33897379912663755 0.24046610169491525 0.09115720524017468
0 0.4692796610169492 0.3468886462882096 0.2764830508474576 0.05322052401746725
0 0.6320621468926554 0.3840065502183406 0.1995056497175141 0.07560043668122271
0 0.6348870056497176 0.39192139737991266 0.12535310734463276 0.047489082969432314
0 0.6324152542372882 0.400382096069869 0.09781073446327683 0.03766375545851528
0 0.6366525423728814 0.40747816593886466 0.18255649717514125 0.013373362445414847
0 0.2514124293785311 0.914028384279476 0.11581920903954802 0.07805676855895197
0 0.05614406779661017 0.7510917030567685 0.11228813559322035 0.21506550218340612
0 0.04943502824858757 0.7016921397379913 0.09887005649717515 0.19268558951965065
0 0.08333333333333333 0.6563864628820961 0.16666666666666666 0.07478165938864628
0 0.053319209039548024 0.6105349344978166 0.10663841807909605 0.20141921397379914
0 0.08862994350282485 0.5644104803493449 0.1772598870056497 0.0851528384279476
0 0.926906779661017 0.6864082969432315 0.1461864406779661 0.18395196506550218
0 0.9219632768361582 0.7404475982532751 0.1560734463276836 0.20032751091703058
0 0.9254943502824858 0.7985807860262009 0.14901129943502825 0.18668122270742357
0 0.928319209039548 0.8520742358078602 0.14336158192090395 0.17903930131004367
0 0.9258474576271186 0.9077510917030568 0.1483050847457627 0.18449781659388648
0 0.9163135593220338 0.9323144104803494 0.1673728813559322 0.13537117903930132
0 0.5282485875706214 0.9721615720524017 0.2824858757062147 0.055676855895196505
0 0.527542372881356 0.9410480349344978 0.2937853107344633 0.11790393013100436
0 0.5294679917254229 0.9285326315811528 0.4025440408865624 0.07560927398618317
0 0.5323796400848915 0.877241642585742 0.28185925068044393 0.20486734488920877
0 0.5349916948489536 0.8254079778407319 0.394005414916825 0.08207692207837845
0 0.5317026842780487 0.7689917391225899 0.2809924947434995 0.2032234387464853
0 0.5327847462158026 0.7111727622380642 0.2780606084879849 0.20210632945943502