0 0.031762295081967214 0.2902155887230514 0.06352459016393443 0.21890547263681592
0 0.08965163934426229 0.30472636815920395 0.17930327868852458 0.16169154228855723
0 0.18493852459016394 0.3009950248756219 0.2510245901639344 0.19734660033167495
0 0.3140368852459016 0.28316749585406303 0.1362704918032787 0.2330016583747927
0 0.3867827868852459 0.2815091210613599 0.04610655737704918 0.236318407960199
0 0.07223360655737705 0.0779436152570481 0.05430327868852459 0.1558872305140962
0 0.0942622950819672 0.07131011608623548 0.040983606557377046 0.14262023217247097
0 0.11577868852459017 0.08416252072968491 0.06352459016393443 0.16832504145936983
0 0.13570259293854753 0.0685725314602461 0.07213857385939233 0.058380802725345654
0 0.15721302548997074 0.06784464955811516 0.07934647035413178 0.06338969560152867
0 0.17674180327868852 0.07462686567164178 0.06454918032786885 0.14925373134328357
0 0.19767241518298106 0.06637682557596983 0.05255214292064322 0.04170539744640023
0 0.21456921155109945 0.06521264165547291 0.12984943294690615 0.10508544490562222
0 0.23206967213114754 0.0845771144278607 0.0625 0.1691542288557214
0 0.2529674991338415 0.062076794738317745 0.10304914462221777 0.08257195935414226
0 0.27510245901639346 0.0775290215588723 0.06659836065573771 0.1550580431177446
0 0.45645491803278687 0.060945273631840796 0.0932377049180328 0.12189054726368159
0 0.6014344262295082 0.05555555555555555 0.0778688524590164 0.1111111111111111
0 0.6342213114754098 0.05472636815920398 0.06967213114754098 0.10945273631840796
0 0.6629098360655737 0.0538971807628524 0.11475409836065574 0.1077943615257048
0 0.9523565573770492 0.044361525704809286 0.09528688524590163 0.08872305140961857
0 0.3478483606557377 0.5485074626865671 0.10348360655737705 0.29767827529021557
0 0.32889344262295084 0.5203150912106136 0.16188524590163936 0.2131011608623549
0 0.34375 0.5161691542288557 0.13217213114754098 0.20978441127694858
0 0.3980532786885246 0.8354063018242123 0.0235655737704918 0.25456053067993367
0 0.3790983606557377 0.8362354892205639 0.06147540983606557 0.25290215588723053
0 0.29585365466757224 0.8448321089297816 0.04891345400970867 0.24814893878217567
0 0.27434322211614903 0.8455599908319127 0.04173536197096789 0.24728598288775053
0 0.2528149068911266 0.8438003105449888 0.04380838586363572 0.25061238061546376
0 0.23642742515937554 0.8445523128028867 0.04792462919297272 0.2531192390891318
0 0.2118462025617489 0.8456803161897333 0.041794970882965396 0.25557785685126627
0 0.19137228195665965 0.8480713969557208 0.04382626853723501 0.2530999428045185
0 0.17242630526067237 0.8492259327339109 0.04379646408123629 0.2489540058227606
0 0.15194344331878348 0.8503732324053711 0.04279571748210084 0.2522659313370136
0 0.13196989601326192 0.8511083504142319 0.04587544886510386 0.25310959094682517
0 0.11199634870774035 0.851843468423093 0.04072269358943295 0.24893953360930038
0 0.09254403782098564 0.853824779562058 0.04381434675483552 0.2514415680118151
0 0.06948777868686118 0.8533016442629316 0.0438381903196345 0.2547583175972216
0 0.04899895585377252 0.8536197565380402 0.04791270741057323 0.25146086429642867
0 0.5932377049180327 0.6571310116086235 0.06096311475409836 0.1961028192371476
0 0.6096311475409836 0.6567164179104478 0.1598360655737705 0.11442786069651742
0 0.6265368852459017 0.6575456053067993 0.16547131147540983 0.11857379767827529
0 0.6434426229508197 0.6587893864013267 0.0430327868852459 0.1994195688225539
0 0.6593237704918032 0.6575456053067993 0.03944672131147541 0.19693200663349916
0 0.6772540983606558 0.6558872305140961 0.0630122950819672 0.19527363184079602
0 0.7715163934426229 0.6488391376451078 0.055327868852459015 0.19444444444444445
0 0.788422131147541 0.648424543946932 0.048668032786885244 0.19776119402985073
0 0.8048155737704918 0.6459369817578773 0.0706967213114754 0.1961028192371476
0 0.8222336065573771 0.6459369817578773 0.1572745901639344 0.11318407960199005
0 0.8391393442622951 0.6451077943615257 0.16188524590163936 0.11608623548922056
0 0.8555327868852459 0.6446932006633499 0.06967213114754098 0.19693200663349916