0 0.05555555555555555 0.2399364406779661 0.1111111111111111 0.4798728813559322
0 0.23491083676268862 0.24470338983050846 0.46982167352537724 0.4703389830508475
0 0.3439643347050754 0.2399364406779661 0.25171467764060357 0.4798728813559322
0 0.2997256515775034 0.24470338983050846 0.3401920438957476 0.4703389830508475
0 0.3453360768175583 0.2539724576271186 0.24897119341563786 0.4518008474576271
0 0.355281207133059 0.24152542372881355 0.22908093278463648 0.4766949152542373
0 0.4108367626886145 0.2399364406779661 0.11796982167352538 0.4798728813559322
0 0.5061728395061729 0.3519597457627119 0.07270233196159122 0.16578389830508475
0 0.5147462277091907 0.3479872881355932 0.08984910836762688 0.263771186440678
0 0.5709155769434998 0.30347925424057565 0.09991826835208072 0.18075468289951388
0 0.6379154288037193 0.30056594381623153 0.17193358233110811 0.13983007139676656
0 0.6967167556411069 0.2981931252252382 0.08814671361374812 0.17631204633009454
0 0.7610210147544586 0.29669585445155905 0.09162396037305309 0.17811720863116998
0 0.8345206778229389 0.29366362358569886 0.11153018483008713 0.17990070929944169
0 0.6748971193415638 0.4430614406779661 0.10699588477366255 0.0736228813559322
0 0.7479423868312757 0.4420021186440678 0.10082304526748971 0.07574152542372882
0 0.8110425240054869 0.4417372881355932 0.09259259259259259 0.07627118644067797
0 0.030864197530864196 0.628707627118644 0.06172839506172839 0.2976694915254237
0 0.10253772290809328 0.6271186440677966 0.20507544581618656 0.2245762711864407
0 0.20123021743462913 0.6170321555873106 0.2751192738514253 0.22457557186194493
0 0.3340192043895748 0.6175847457627118 0.2716049382716049 0.263771186440678
0 0.3998628257887517 0.8972457627118644 0.13991769547325103 0.2055084745762712
0 0.32098765432098764 0.8959216101694916 0.13991769547325103 0.20815677966101695
0 0.2506858710562414 0.8930084745762712 0.14883401920438957 0.21398305084745764
0 0.1779835390946502 0.8948622881355932 0.13511659807956103 0.21027542372881355
0 0.10425240054869685 0.894332627118644 0.15775034293552812 0.21133474576271186
0 0.051440329218107 0.893802966101695 0.102880658436214 0.21239406779661016
0 0.630315500685871 0.9194915254237288 0.32098765432098764 0.16101694915254236
0 0.8076131687242798 0.9417372881355932 0.38477366255144035 0.11652542372881355
0 0.4993141289437586 0.6761122881355932 0.05898491083676269 0.1774364406779661
0 0.48525377229080935 0.6814088983050848 0.030864197530864196 0.3257415254237288
0 0.4945130315500686 0.6790254237288136 0.04938271604938271 0.15572033898305085
0 0.5266925709103798 0.6784948885562448 0.06109442972571264 0.16456228885628205
0 0.5598854799209422 0.6782083527071854 0.0883405733787841 0.2735967300485561
0 0.595462973802317 0.6775434813163367 0.046290894967505075 0.10494843482405956
0 0.623846803506173 0.6766894640084834 0.08834114684194506 0.29632891792732413
0 0.6553489806151809 0.6770893300597339 0.09730650897750384 0.34394434278630026
0 0.6897619753909164 0.6718574862497488 0.0682735637351015 0.22105224345325708
0 0.7276841445780219 0.6694901267747374 0.10743436309763794 0.31656408248872486