0 0.10210312075983717 0.19476439790575917 0.20420624151967434 0.38952879581151834
0 0.08989145183175033 0.19476439790575917 0.17978290366350066 0.38952879581151834
0 0.2259158751696065 0.2031413612565445 0.451831750339213 0.37277486910994767
0 0.24491180461329715 0.21727748691099477 0.4898236092265943 0.34450261780104713
0 0.25474898236092264 0.22015706806282723 0.5094979647218453 0.3387434554973822
0 0.25474898236092264 0.21649214659685864 0.5094979647218453 0.3460732984293194
0 0.26526458616010856 0.2157068062827225 0.48846675712347354 0.34764397905759165
0 0.5593622795115333 0.21413612565445025 0.09972862957937585 0.3089005235602094
0 0.5912875213239925 0.22287626133485736 0.14379861872990052 0.3101443709794999
0 0.6508306395084162 0.23122188418068634 0.15747771473414585 0.3124823317999769
0 0.7506784260515604 0.2395287958115183 0.15264586160108548 0.3
0 0.7903663500678426 0.24528795811518325 0.11397557666214382 0.28848167539267017
0 0.8100407055630936 0.2468586387434555 0.1112618724559023 0.28534031413612565
0 0.830393487109905 0.24973821989528797 0.11261872455902307 0.27958115183246074
0 0.850067842605156 0.25078534031413613 0.11261872455902307 0.2774869109947644
0 0.8683853459972863 0.2526178010471204 0.11261872455902307 0.27382198952879583
0 0.8883989145183175 0.2534031413612565 0.11058344640434192 0.27225130890052357
0 0.8850067842605156 0.32774869109947646 0.06309362279511534 0.12356020942408377
0 0.007123473541383989 0.887434554973822 0.014246947082767978 0.16963350785340314
0 0.04748982360922659 0.7222513089005236 0.09497964721845319 0.5554973821989528
0 0.07420709055713216 0.6342546658288655 0.14186355670173995 0.27349515631981397
0 0.13311209396318055 0.6290120952279463 0.14576594186813724 0.2960569893216056
0 0.1856359798142953 0.6419298398452704 0.16925744261659895 0.3430316139336593
0 0.21879240162822253 0.8942408376963351 0.11736770691994572 0.21151832460732983
0 0.24932157394843962 0.8856020942408377 0.1390773405698779 0.22879581151832462
0 0.2801899592944369 0.8942408376963351 0.12754409769335143 0.21151832460732983
0 0.30359565807327 0.8992146596858639 0.11601085481682497 0.20157068062827224
0 0.3331071913161465 0.8958115183246074 0.13432835820895522 0.20837696335078534
0 0.3646540027137042 0.900523560209424 0.12957937584803256 0.19895287958115182
0 0.3968792401628223 0.9010471204188482 0.13161465400271372 0.19790575916230366
0 0.4216417910447761 0.9075916230366492 0.11194029850746269 0.18481675392670158
0 0.4453867028493894 0.9094240837696335 0.1282225237449118 0.181151832460733
0 0.460651289009498 0.9117801047120419 0.09769335142469471 0.17643979057591622
0 0.4772727272727273 0.9162303664921466 0.06445047489823609 0.16753926701570682
0 0.3210435983520727 0.6319132029799532 0.11376934247176174 0.29339000652437464
0 0.35801148439715064 0.6377874756451073 0.13985361360690984 0.299612236795323
0 0.5949796472184532 0.5803664921465969 0.17096336499321574 0.2706806282722513
0 0.6258480325644504 0.6167539267015707 0.2327001356852103 0.2554973821989529
0 0.6797829036635007 0.618586387434555 0.3405698778833107 0.2696335078534031
0 0.7574132312468066 0.6452591730311689 0.18542909288101042 0.34122983707529975
0 0.8488613751494565 0.6334168250627685 0.19504799142241042 0.38220157940090776
0 0.9128222523744912 0.6528795811518324 0.17435549525101765 0.36858638743455496
0 0.9491180461329715 0.6557591623036649 0.10176390773405698 0.40785340314136126
0 0.5525780189959294 0.9301047120418848 0.08616010854816825 0.13979057591623037
0 0.5580054274084125 0.96282722513089 0.09701492537313433 0.0743455497382199
0 0.5817503392130258 0.9709424083769633 0.10515603799185888 0.0581151832460733
0 0.6109226594301221 0.9706806282722513 0.10515603799185888 0.05863874345549738
0 0.648236092265943 0.9636125654450262 0.10922659430122117 0.07277486910994764
0 0.680461329715061 0.9602094240837696 0.11261872455902307 0.07958115183246073
0 0.7913839891451832 0.9387434554973823 0.23134328358208955 0.1225130890052356
0 0.9056987788331072 0.9465968586387434 0.18860244233378562 0.1068062827225131