0 0.5200267022696929 0.33508914100486226 0.0787716955941255 0.14424635332252836
0 0.513351134846462 0.3760129659643436 0.09212283044058744 0.15721231766612642
0 0.47930574098798395 0.4213938411669368 0.1602136181575434 0.07698541329011345
0 0.5203604806408545 0.4584683954619125 0.07810413885180241 0.1446515397082658
0 0.5163551401869159 0.4979740680713128 0.08611481975967958 0.15721231766612642
0 0.5193591455273698 0.5348460291734197 0.0801068090787717 0.14991896272285252
0 0.48598130841121495 0.5775931928687196 0.14686248331108145 0.06118314424635332
0 0.1882510013351135 0.4708265802269044 0.376502002670227 0.07698541329011345
0 0.18192441195228629 0.43428918028355784 0.24243109796132767 0.1512536822162903
0 0.1805152497384926 0.4002718979442442 0.23681081642799665 0.14736137923767006
0 0.18658210947930573 0.3656807131280389 0.37316421895861146 0.07414910858995137
0 0.18791722296395194 0.33144246353322526 0.3758344459279039 0.08914100486223663
0 0.859479305740988 0.11243922204213938 0.11982643524699599 0.10291734197730956
0 0.8581441922563418 0.14606969205834683 0.13384512683578104 0.11547811993517018
0 0.8581441922563418 0.1851701782820097 0.17456608811749 0.05632090761750405
0 0.8551401869158879 0.22467585089141004 0.12249666221628838 0.10595623987034036
0 0.6505340453938585 0.10636142625607779 0.09512683578104139 0.08144246353322529
0 0.6465287049399199 0.14688006482982172 0.11815754339118825 0.10149918962722852
0 0.6505340453938585 0.18739870340356565 0.1822429906542056 0.044165316045380876
0 0.6488651535380507 0.22183954619124796 0.12516688918558078 0.10818476499189628
0 0.7583444592790387 0.2585089141004862 0.17723631508678236 0.06280388978930308
0 0.7660213618157543 0.3411669367909238 0.41321762349799734 0.17828200972447325
0 0.8504672897196262 0.43253646677471635 0.1261682242990654 0.10960291734197732
0 0.6532042723631508 0.4307131280388979 0.12349799732977303 0.10656401944894651
0 0.8574766355140186 0.48905996758508913 0.17790387182910547 0.08670988654781199
0 0.6578771695594126 0.48419773095623986 0.16955941255006676 0.08286061588330632
0 0.7576769025367156 0.5384927066450568 0.1875834445927904 0.029173419773095625
0 0.7596795727636849 0.5488249594813615 0.11682242990654206 0.017828200972447326
0 0.7586782376502003 0.5593598055105349 0.0931241655540721 0.019043760129659644
0 0.7613484646194927 0.5684764991896273 0.10981308411214953 0.022690437601296597
0 0.36181575433911883 0.80854943273906 0.18324432576769026 0.08934359805510535
0 0.36248331108144194 0.8190842787682334 0.1945927903871829 0.09501620745542949
0 0.3644859813084112 0.828808752025932 0.30173564753004006 0.03423824959481361
0 0.36181575433911883 0.8387358184764991 0.1802403204272363 0.08792544570502431
0 0.35947930574098796 0.8474473257698542 0.18858477970627505 0.0919773095623987
0 0.3651535380507343 0.8537277147487844 0.17723631508678236 0.08630470016207456
0 0.3644859813084112 0.8602106969205835 0.3007343124165554 0.024513776337115073
0 0.3621495327102804 0.8869529983792545 0.18190921228304405 0.0889384116693679
0 0.3621495327102804 0.8940437601296597 0.3130841121495327 0.04051863857374392
0 0.3678237650200267 0.899513776337115 0.29739652870493993 0.029173419773095625
0 0.3638184245660881 0.9066045380875203 0.184913217623498 0.09015397082658022
0 0.36615487316421896 0.9124797406807131 0.16889185580774366 0.08265802269043761
0 0.3638184245660881 0.9187601296596435 0.3000667556742323 0.033022690437601296
0 0.3681575433911882 0.9252431118314425 0.2960614152202937 0.03747974068071313
0 0.3671562082777036 0.9483387358184765 0.2963951935914553 0.023703403565640196
0 0.3674899866488652 0.9542139384116693 0.2947263017356475 0.022690437601296597
0 0.36615487316421896 0.9592787682333873 0.2903871829105474 0.022893030794165315
0 0.3681575433911882 0.9661669367909238 0.2953938584779706 0.022893030794165315
0 0.3658210947930574 0.9722447325769854 0.2963951935914553 0.024108589951377633
0 0.09846461949265688 0.9469205834683955 0.1965954606141522 0.019448946515397084
0 0.09746328437917223 0.9540113452188006 0.1945927903871829 0.019651539708265803
0 0.09813084112149532 0.9608995137763371 0.19626168224299065 0.02046191247974068
0 0.09813084112149532 0.9677876823338736 0.19626168224299065 0.019043760129659644
0 0.09813084112149532 0.9779173419773096 0.19626168224299065 0.02633711507293355
0 0.09913217623497997 0.9882495948136143 0.19826435246995994 0.018638573743922204
0 0.09979973297730307 0.9923014586709886 0.19959946595460615 0.01539708265802269
0 0.09679572763684913 0.9072123176661264 0.19359145527369825 0.022082658022690438
0 0.09646194926568759 0.8989059967585089 0.19292389853137518 0.018638573743922204
0 0.09813084112149532 0.8922204213938412 0.19626168224299065 0.02106969205834684
0 0.09579439252336448 0.8851296596434359 0.19158878504672897 0.019043760129659644
0 0.09712950600801068 0.8784440842787682 0.19425901201602136 0.020056726094003243
0 0.09746328437917223 0.8711507293354943 0.19492656875834447 0.019043760129659644
0 0.09813084112149532 0.8646677471636953 0.19626168224299065 0.019448946515397084
0 0.09779706275033379 0.856969205834684 0.19559412550066757 0.02106969205834684
0 0.09712950600801068 0.8502836304700162 0.19425901201602136 0.020664505672609402
0 0.09746328437917223 0.8438006482982172 0.19492656875834447 0.019651539708265803
0 0.09746328437917223 0.8375202593192869 0.1945927903871829 0.019043760129659644
0 0.09946595460614152 0.8300243111831442 0.19893190921228304 0.02147487844408428
0 0.09612817089452604 0.8239465153970826 0.19192256341789052 0.017828200972447326
0 0.09879839786381843 0.8160453808752026 0.19759679572763686 0.01985413290113452
0 0.09846461949265688 0.8061183144246353 0.19692923898531375 0.02593192868719611
0 0.09579439252336448 0.7775526742301458 0.19158878504672897 0.02127228525121556
0 0.09579439252336448 0.770259319286872 0.19158878504672897 0.018435980551053485
0 0.09746328437917223 0.7631685575364667 0.19492656875834447 0.01985413290113452
0 0.09813084112149532 0.7570907617504052 0.19626168224299065 0.02147487844408428
0 0.09846461949265688 0.7491896272285251 0.19692923898531375 0.019448946515397084
0 0.09746328437917223 0.7427066450567261 0.19492656875834447 0.019448946515397084
0 0.09679572763684913 0.7360210696920584 0.19359145527369825 0.019448946515397084
0 0.09712950600801068 0.7293354943273906 0.1939252336448598 0.019043760129659644
0 0.09746328437917223 0.7226499189627229 0.19492656875834447 0.020056726094003243
0 0.09646194926568759 0.7153565640194489 0.19292389853137518 0.018233387358184763
0 0.09646194926568759 0.7088735818476499 0.19292389853137518 0.019043760129659644
0 0.09846461949265688 0.701580226904376 0.19692923898531375 0.020056726094003243
0 0.09779706275033379 0.6946920583468396 0.19526034712950602 0.020664505672609402
0 0.8004005340453939 0.6191247974068071 0.3604806408544726 0.018638573743922204
0 0.7780373831775701 0.6367504051863857 0.40654205607476634 0.053889789303079416
0 0.7790566788290085 0.6623446866085456 0.40752421352508933 0.05750402518477594
0 0.7825389283132433 0.6911713039042047 0.39484063542095044 0.05692066460569085
0 0.8076582196987109 0.7610447981647992 0.34795620368347474 0.05274550949090002
0 0.8462649280423378 0.7904703668856924 0.2750681509503699 0.047778116415303364
0 0.7723631508678238 0.8257698541329012 0.4259012016021362 0.07617504051863858
0 0.8487073881415521 0.8895937996383526 0.2709073507215724 0.04556796535637871
0 0.8140922653809127 0.917278114775362 0.34455623606191554 0.05178162077756078
0 0.8296527201369069 0.9458470166902588 0.3135377063653352 0.046317410255032575