0 0.17972972972972973 0.4590719499478624 0.15135135135135136 0.12148070907194995
0 0.1287162162162162 0.4681960375391032 0.2574324324324324 0.1032325338894682
0 0.0945945945945946 0.45985401459854014 0.1891891891891892 0.11991657977059438
0 0.03682432432432432 0.440563086548488 0.07364864864864865 0.15849843587069865
0 0.07060810810810811 0.1910844629822732 0.14121621621621622 0.3164754953076121
0 0.10730601980145209 0.19996057938424353 0.16660430419596814 0.3018656977021877
0 0.1625229691365282 0.20739184400947622 0.27819205250570844 0.22403808684060653
0 0.21809348070602194 0.21585067814266778 0.2911871343093447 0.23504258318155008
0 0.2730158342938548 0.22616469651333063 0.2911871343093447 0.23504258318155008
0 0.9689189189189189 0.3574035453597497 0.05641891891891892 0.1399895724713243
0 0.9351351351351351 0.3521897810218978 0.10675675675675676 0.10114702815432743
0 0.918581081081081 0.3506256517205422 0.14020270270270271 0.11157455683003129
0 0.8949324324324325 0.3456725755995829 0.09256756756756757 0.1483315954118874
0 0.8655405405405405 0.34124087591240876 0.14020270270270271 0.10818561001042754
0 0.8337837837837838 0.33654848800834203 0.08952702702702703 0.15041710114702816
0 0.7608108108108108 0.3284671532846715 0.1341216216216216 0.10349322210636079
0 0.7277027027027027 0.32429614181439 0.1341216216216216 0.10349322210636079
0 0.6959459459459459 0.3169968717413973 0.08209459459459459 0.14442127215849843
0 0.660472972972973 0.3151720542231491 0.08783783783783784 0.14259645464025025
0 0.625 0.31047966631908236 0.10304054054054054 0.14989572471324297
0 0.5922297297297298 0.29796663190823774 0.0375 0.09045881126173097
0 0.9898648648648649 0.20203336809176226 0.02027027027027027 0.12747653806047968
0 0.9648648648648649 0.19421272158498437 0.06993243243243243 0.1386861313868613
0 0.9236486486486486 0.19264859228362877 0.09222972972972973 0.13060479666319083
0 0.8841216216216217 0.18091762252346194 0.07263513513513513 0.1329509906152242
0 0.8510135135135135 0.1845672575599583 0.0679054054054054 0.11939520333680918
0 0.8168918918918919 0.17440041710114704 0.06959459459459459 0.12721584984358708
0 0.7793918918918918 0.1689259645464025 0.07263513513513513 0.12956204379562045
0 0.7493243243243243 0.1678832116788321 0.06351351351351352 0.12252346193952034
0 0.7175675675675676 0.15980187695516163 0.07567567567567568 0.13633993743482795
0 0.6631756756756757 0.15615224191866528 0.0831081081081081 0.13008342022940564
0 0.377027027027027 0.7494786235662148 0.1581081081081081 0.45933263816475495
0 0.32297297297297295 0.751303441084463 0.3493243243243243 0.4413451511991658
0 0.27263513513513515 0.7510427528675704 0.36858108108108106 0.4624608967674661
0 0.2206081081081081 0.7497393117831074 0.20337837837837838 0.45959332638164757
0 0.1875 0.7257559958289885 0.25236486486486487 0.36261730969760164
0 0.8587837837837838 0.8680917622523462 0.10472972972972973 0.22262773722627738
0 0.7851351351351351 0.8858185610010427 0.16554054054054054 0.2056830031282586
0 0.716554054054054 0.8740875912408759 0.17263513513513515 0.24139728884254433
0 0.6513513513513514 0.837851929092805 0.11722972972972973 0.2502606882168926
0 0.8456081081081082 0.6107924921793535 0.15405405405405406 0.18196037539103233
0 0.7733108108108108 0.618873826903024 0.10067567567567567 0.19786235662148072
0 0.7277027027027027 0.5860271115745568 0.13547297297297298 0.1321689259645464
0 0.7023648648648648 0.5883733055265902 0.12060810810810811 0.13712200208550573