0 0.5582 0.2993817619783617 0.0228 0.08516228748068007
0 0.5326 0.3009273570324575 0.074 0.0919629057187017
0 0.5066 0.3046367851622875 0.1258 0.09242658423493044
0 0.472 0.3094281298299845 0.1816 0.09768160741885626
0 0.5378 0.15718701700154558 0.0586 0.06491499227202473
0 0.5022 0.15826893353941268 0.1336 0.08485316846986089
0 0.4588 0.16414219474497682 0.0976 0.12967542503863988
0 0.4092 0.1704791344667697 0.1246 0.13508500772797527
0 0.3918 0.2502318392581144 0.157 0.08454404945904173
0 0.2718 0.26213292117465226 0.4486 0.24157650695517774
0 0.1702 0.3408037094281298 0.1286 0.12272024729520865
0 0.1094 0.20788253477588872 0.1136 0.12534775888717156
0 0.0998 0.3536321483771252 0.1318 0.12442040185471406
0 0.0552 0.21916537867078825 0.083 0.1143740340030912
0 0.84 0.24343122102009274 0.2568 0.4689335394126739
0 0.8148 0.24930448222565688 0.2454 0.4136012364760433
0 0.7806 0.2715610510046368 0.2648 0.44513137557959814
0 0.7508 0.2811437403400309 0.2654 0.4680061823802164
0 0.7208 0.29057187017001546 0.1946 0.37434312210200926
0 0.5424 0.7046367851622874 0.0544 0.11221020092735703
0 0.5022 0.5741885625965997 0.1348 0.10850077279752705
0 0.5032 0.7131375579598145 0.1328 0.1044822256568779
0 0.44111355468498914 0.5825618043741194 0.15238142898855223 0.11448335197337599
0 0.44044356356334047 0.860385388709321 0.13479895641295006 0.10127373443798653
0 0.37601657276930484 0.5917929112205575 0.09709924695369827 0.13226969999350627
0 0.3056867121108818 0.5972274765868113 0.12935020455834537 0.13023379899170892
0 0.37418329080898377 0.8635994662295944 0.13605484731120723 0.10221727854765707
0 0.18776741769711786 0.8990620120043056 0.1645217076717061 0.12360427836685921
0 0.17102597685097135 0.7640930116630248 0.12582582863104308 0.1447030398837613
0 0.13102481468797875 0.6384095063335613 0.1074334894682207 0.12468740841794569
0 0.05923412983768832 0.6395325926255597 0.1044011621629926 0.12742631397608312
0 0.09983372662010598 0.9146338897211723 0.0953217076717061 0.1226708235808988
0 0.955 0.598145285935085 0.09 0.15641421947449768
0 0.887 0.7166924265842349 0.226 0.24945904173106645
0 0.8416 0.5612055641421947 0.2168 0.08253477588871716
0 0.6520491372264182 0.7923680941011523 0.16095571893345187 0.19706668909373273
0 0.6182 0.5731066460587326 0.0972 0.1063369397217929