0 0.16958917835671342 0.09696641386782232 0.24148296593186372 0.05471289274106175
0 0.16357715430861725 0.1308234019501625 0.25 0.056338028169014086
0 0.15506012024048096 0.16982665222101842 0.22294589178356713 0.04685807150595883
0 0.1500501002004008 0.20937161430119178 0.1688376753507014 0.10698808234019502
0 0.43512024048096193 0.10617551462621885 0.18512024048096193 0.047128927410617555
0 0.4311122244488978 0.1470747562296858 0.16332665330661322 0.10319609967497291
0 0.42034068136272545 0.1871614301191766 0.16432865731462926 0.10346695557963163
0 0.4118236472945892 0.22183098591549297 0.250501002004008 0.06040086673889491
0 0.26528056112224446 0.25054171180931745 0.15556112224448898 0.09913326110509209
0 0.249749498997996 0.33342361863488623 0.42034068136272545 0.26543878656554715
0 0.11022044088176353 0.4182015167930661 0.22019038076152306 0.05715059588299025
0 0.36047094188376755 0.43066088840736727 0.17234468937875752 0.10888407367280607
0 0.09193386773547094 0.4739978331527627 0.18361723446893788 0.12026002166847237
0 0.34218436873747493 0.4837486457204767 0.21342685370741482 0.06879739978331528
0 0.20390781563126253 0.531148429035753 0.24348697394789579 0.043066088840736726
0 0.19964929859719438 0.5408992416034669 0.15255511022044088 0.02437703141928494
0 0.19814629258517033 0.551462621885157 0.1219939879759519 0.02464788732394366
0 0.1931362725450902 0.5609425785482124 0.1432865731462926 0.02627302275189599
0 0.7365205198821407 0.14326382405828791 0.29698287877342 0.12376835026428343
0 0.7263220704236075 0.2224924415241119 0.2985120301052457 0.09892525792957774
0 0.7117878199366606 0.29047119581743086 0.21356046874701795 0.07515116901008805
0 0.6978158026144562 0.3700652328052844 0.16739580876629637 0.1740565715729387
0 0.7009018036072144 0.4379739978331528 0.2625250501002004 0.10888407367280607
0 0.6743486973947895 0.5132719393282773 0.20641282565130262 0.21289274106175515
0 0.6675851703406813 0.5571505958829902 0.17885771543086174 0.12513542795232935
0 0.2059118236472946 0.7532502708559047 0.2655310621242485 0.026814734561213433
0 0.20390781563126253 0.7608342361863488 0.26402805611222446 0.024106175514626217
0 0.2031563126252505 0.7686890574214518 0.26452905811623245 0.020585048754062838
0 0.20340681362725452 0.776273022751896 0.16407815631262526 0.07448537378114843
0 0.2006513026052104 0.7838569880823402 0.26728456913827653 0.03277356446370531
0 0.19739478957915832 0.7917118093174431 0.17334669338677355 0.07854821235102925
0 0.17910821643286573 0.8347778981581798 0.16307615230460923 0.07394366197183098
0 0.1781062124248497 0.8423618634886241 0.27029058116232463 0.030335861321776816
0 0.17334669338677355 0.8496749729144095 0.16307615230460923 0.07448537378114843
0 0.1713426853707415 0.8578006500541712 0.1595691382765531 0.07231852654387866
0 0.1690881763527054 0.8656554712892741 0.2612725450901804 0.01950162513542795
0 0.16708416833667333 0.8729685807150596 0.16658316633266534 0.07556879739978331
0 0.8842685370741483 0.6912242686890574 0.22294589178356713 0.062026002166847234
0 0.8770040080160321 0.7299566630552546 0.21392785571142284 0.04983748645720477
0 0.8704909819639278 0.7803358613217768 0.22444889779559118 0.0790899241603467
0 0.8549599198396793 0.8420910075839654 0.16958917835671342 0.11105092091007585
0 0.8451903807615231 0.8911159263271939 0.2312124248496994 0.06798483206933911
0 0.8339178356713427 0.9387865655471289 0.18512024048096193 0.1156554712892741
0 0.6786072144288577 0.7280606717226435 0.09268537074148296 0.06094257854821235
0 0.6715931863727455 0.7388949079089924 0.13226452905811623 0.024918743228602384
0 0.6723446893787575 0.7491874322860238 0.1064629258517034 0.07015167930660889
0 0.6698396793587175 0.7581256771397616 0.0531062124248497 0.03439869989165764
0 0.6678356713426854 0.7684182015167931 0.08567134268537074 0.014897074756229686
0 0.6660821643286573 0.7778981581798483 0.09443887775551102 0.062026002166847234
0 0.6640781563126252 0.787919826652221 0.04033066132264529 0.026543878656554713
0 0.6620741482965932 0.795774647887324 0.15556112224448898 0.02248104008667389
0 0.6610721442885772 0.804442036836403 0.18286573146292584 0.03629469122426869
0 0.6570641282565131 0.814192849404117 0.11723446893787576 0.023293607800650054
0 0.6538076152304609 0.8250270855904659 0.16758517034068135 0.03683640303358613