0 0.26784946236559143 0.17604347826086958 0.39232974910394264 0.04555434782608695
0 0.27055555555555555 0.22947826086956521 0.408494623655914 0.052434782608695656
0 0.27123655913978495 0.2906304347826087 0.3682974910394265 0.04866304347826087
0 0.2782795698924731 0.3526956521739131 0.3988351254480287 0.05320652173913044
0 0.7241397849462365 0.17257608695652174 0.29774193548387096 0.03646739130434782
0 0.7338888888888889 0.23669565217391303 0.3351433691756272 0.06685869565217391
0 0.7308960573476702 0.30069565217391303 0.40087813620071683 0.03835869565217391
0 0.7290501792114695 0.3547934782608696 0.4043548387096774 0.04870652173913044
0 0.4905913978494624 0.4093695652173913 0.3718637992831541 0.047
0 0.4970250896057347 0.5394130434782609 0.9080465949820788 0.19621739130434784
0 0.2923118279569893 0.6809673913043478 0.35883512544802865 0.06627173913043478
0 0.7238888888888889 0.6836521739130436 0.3796953405017921 0.0651304347826087
0 0.27745519713261646 0.7694673913043478 0.36134408602150536 0.0911086956521739
0 0.7140501792114695 0.7681956521739131 0.34207885304659497 0.08421739130434783
0 0.4962365591397849 0.8506847826086956 0.4082437275985663 0.014413043478260869
0 0.492562724014337 0.8664999999999999 0.2539426523297491 0.009076086956521739
0 0.49469534050179215 0.8831739130434783 0.20084229390681002 0.01417391304347826
0 0.4891577060931899 0.8976086956521738 0.23637992831541219 0.016956521739130436