0 0.2534916201117318 0.055825242718446605 0.32856145251396646 0.10949298813376483
0 0.39175977653631283 0.07119741100323625 0.23358938547486033 0.04288025889967637
0 0.12360335195530726 0.07686084142394822 0.15677374301675978 0.06984897518878101
0 0.38477653631284914 0.10652642934196332 0.1941340782122905 0.0860302049622438
0 0.11766759776536313 0.11839266450916937 0.1784217877094972 0.07955771305285868
0 0.3886173184357542 0.13268608414239483 0.18854748603351956 0.08360302049622438
0 0.3959497206703911 0.1599244875943905 0.19902234636871508 0.03856526429341963
0 0.12081005586592179 0.16396979503775622 0.2412709497206704 0.05771305285868392
0 0.2629189944134078 0.19147788565264293 0.30691340782122906 0.13673139158576053
0 0.2678072625698324 0.21548004314994607 0.3659217877094972 0.05744336569579288
0 0.3956005586592179 0.26348435814455234 0.1829608938547486 0.081445523193096
0 0.12779329608938547 0.2715749730312837 0.25558659217877094 0.04962243797195254
0 0.13023743016759776 0.30528586839266453 0.2604748603351955 0.052588996763754045
0 0.3931564245810056 0.29692556634304207 0.1962290502793296 0.08710895361380798
0 0.388268156424581 0.3551779935275081 0.13442737430167598 0.059870550161812294
0 0.39175977653631283 0.3818770226537217 0.15013966480446927 0.0668824163969795
0 0.392108938547486 0.39913700107874867 0.12569832402234637 0.040992448759439054
0 0.8470670391061452 0.35760517799352753 0.25837988826815644 0.12405609492988134
0 0.2723463687150838 0.6367313915857605 0.329608938547486 0.4255663430420712
0 0.2789804469273743 0.6903991370010788 0.4954608938547486 0.1610032362459547
0 0.28631284916201116 0.7578209277238404 0.3411312849162011 0.4843581445523193
0 0.2768854748603352 0.802049622437972 0.32925977653631283 0.3959007551240561
0 0.28666201117318435 0.8627292340884574 0.2737430167597765 0.27427184466019416
0 0.8729050279329609 0.5458468176914779 0.13442737430167598 0.10248112189859762
0 0.8739525139664804 0.5736245954692557 0.20216480446927373 0.040992448759439054
0 0.8756983240223464 0.598705501618123 0.14490223463687152 0.11030204962243798
0 0.8739525139664804 0.6229773462783171 0.13442737430167598 0.10248112189859762
0 0.8732541899441341 0.6494066882416397 0.14315642458100558 0.10895361380798274
0 0.8743016759776536 0.6777238403451996 0.15188547486033518 0.1156957928802589
0 0.8774441340782123 0.7408306364617044 0.19797486033519554 0.047195253505933114
0 0.8767458100558659 0.7688781014023732 0.19553072625698323 0.05744336569579288
0 0.8798882681564246 0.7980043149946062 0.13791899441340782 0.10517799352750809
0 0.875 0.8282092772384034 0.1892458100558659 0.059870550161812294
0 0.8840782122905028 0.8584142394822006 0.13791899441340782 0.10517799352750809
0 0.8701117318435754 0.9323085221143473 0.18226256983240224 0.054746494066882416
0 0.8729050279329609 0.9565803667745415 0.1721368715083799 0.04665587918015102
0 0.8872206703910615 0.9652103559870551 0.1319832402234637 0.06957928802588997
0 0.640013966480447 0.5266990291262136 0.14839385474860337 0.11299892125134843
0 0.6456005586592178 0.5674217907227616 0.14315642458100558 0.10895361380798274
0 0.6431564245810056 0.6070658036677454 0.14141061452513967 0.1076051779935275
0 0.6525837988826816 0.6523732470334412 0.18610335195530725 0.059870550161812294
0 0.6452513966480447 0.6887810140237325 0.19134078212290503 0.042071197411003236
0 0.6578212290502793 0.714940668824164 0.17143854748603352 0.040453074433656956
0 0.6511871508379888 0.7467637540453075 0.18435754189944134 0.040453074433656956
0 0.6518854748603352 0.7796655879180151 0.18610335195530725 0.04180151024811219
0 0.6571229050279329 0.8047464940668824 0.17772346368715083 0.03532901833872708
0 0.653282122905028 0.8336030204962244 0.19587988826815642 0.04341963322545847
0 0.659217877094972 0.8799892125134844 0.1871508379888268 0.052049622437971954