0 0.003324468085106383 0.2225359342915811 0.006316489361702127 0.09368583162217659
0 0.010305851063829786 0.22381930184804927 0.020611702127659573 0.17453798767967146
0 0.015957446808510637 0.38809034907597534 0.03158244680851064 0.13347022587268995
0 0.024268617021276594 0.21611909650924024 0.04853723404255319 0.11935318275154004
0 0.03889627659574468 0.20867556468172485 0.04188829787234043 0.09317248459958932
0 0.041555851063829786 0.3796201232032854 0.05285904255319149 0.11806981519507187
0 0.059175531914893616 0.2851642710472279 0.09175531914893617 0.20508213552361396
0 0.07413563829787234 0.27720739219712526 0.03590425531914894 0.22818275154004106
0 0.10505319148936171 0.1868583162217659 0.05585106382978723 0.12448665297741274
0 0.10970744680851063 0.3565195071868583 0.0511968085106383 0.11447638603696099
0 0.13131648936170212 0.34881930184804927 0.05319148936170213 0.11883983572895278
0 0.12566489361702127 0.18275154004106775 0.056848404255319146 0.12679671457905545
0 0.15492021276595744 0.17838809034907596 0.02127659574468085 0.07674537987679672
0 0.5392287234042553 0.036190965092402466 0.1422872340425532 0.07238193018480493
0 0.9601063829787234 0.18531827515400412 0.0797872340425532 0.18480492813141683
0 0.9557845744680851 0.18711498973305954 0.0884308510638298 0.2982546201232033
0 0.8873005319148937 0.19738193018480493 0.22539893617021275 0.21611909650924024
0 0.8344253675735512 0.207226698601119 0.24085069245868823 0.1965589152205753
0 0.7721649609577711 0.21422481879457414 0.24085069245868823 0.1965589152205751
0 0.7088917383457439 0.2217991422361449 0.24629364596057954 0.2010009246040909
0 0.6398276398525997 0.2343497741589948 0.2551384454011528 0.20821918985230412
0 0.5695188697643462 0.24416080575831908 0.12115714544278991 0.2986629102390919
0 0.11269946808510638 0.6142197125256673 0.11369680851063829 0.048767967145790556
0 0.12632978723404256 0.803388090349076 0.08643617021276596 0.10574948665297741
0 0.0442154255319149 0.832135523613963 0.0884308510638298 0.16324435318275154
0 0.21642287234042554 0.7199691991786448 0.09375 0.15528747433264886
0 0.2586436170212766 0.7168891170431212 0.1778590425531915 0.0944558521560575
0 0.27293882978723405 0.7158624229979466 0.20678191489361702 0.0952258726899384
0 0.3337765957446808 0.7109856262833676 0.08111702127659574 0.15426078028747434
0 0.36103723404255317 0.7089322381930184 0.07779255319148937 0.15528747433264886
0 0.3846409574468085 0.7073921971252567 0.24468085106382978 0.10369609856262833
0 0.6299867021276596 0.688911704312115 0.23238031914893617 0.09830595482546202
0 0.652593085106383 0.6894250513347022 0.2393617021276596 0.10087268993839836
0 0.6798537234042553 0.6876283367556468 0.2473404255319149 0.10446611909650924
0 0.7091090425531915 0.6855749486652978 0.10172872340425532 0.15682751540041068
0 0.7370345744680851 0.6824948665297741 0.23337765957446807 0.09830595482546202
0 0.7632978723404256 0.6806981519507187 0.22107712765957446 0.09342915811088295
0 0.7912234042553191 0.6794147843942505 0.21941489361702127 0.09265913757700206
0 0.8164893617021277 0.6794147843942505 0.23670212765957446 0.10010266940451745
0 0.8427526595744681 0.6765913757700205 0.2360372340425532 0.09958932238193019
0 0.8723404255319149 0.6747946611909651 0.09740691489361702 0.1540041067761807
0 0.9059175531914894 0.675564681724846 0.15924202127659576 0.09342915811088295
0 0.9674202127659575 0.6696611909650924 0.0538563829787234 0.15066735112936344