0 0.05851063829787234 0.03520770010131712 0.11702127659574468 0.07041540020263425
0 0.04635258358662614 0.03976697061803445 0.09270516717325228 0.061296859169199594
0 0.22796352583586627 0.022036474164133738 0.1752786220871327 0.044072948328267476
0 0.25 0.060790273556231005 0.1514690982776089 0.12158054711246201
0 0.22983648104277604 0.08358662613981763 0.19455375901484911 0.05572441742654509
0 0.22441731654363745 0.11676798378926039 0.13530132262191844 0.12715298885511653
0 0.2172836143187373 0.1529888551165147 0.14123086265714196 0.13272543059777103
0 0.21302069332327875 0.19579533941236069 0.20140510660738017 0.08358662613981763
0 0.21022883394501188 0.2393617021276596 0.14123086265714196 0.13272543059777103
0 0.05952380952380952 0.15830800405268491 0.11904761904761904 0.07750759878419453
0 0.02912867274569402 0.19680851063829788 0.05825734549138804 0.11803444782168186
0 0.037740628166160084 0.23961499493414387 0.07548125633232017 0.13272543059777103
0 0.029635258358662615 0.2765957446808511 0.05927051671732523 0.12360688956433637
0 0.02254305977710233 0.3087639311043566 0.04508611955420466 0.11803444782168186
0 0.033941236068895646 0.3406788247213779 0.06788247213779129 0.07041540020263425
0 0.02507598784194529 0.3599290780141844 0.05015197568389058 0.0795339412360689
0 0.15932117527862208 0.38652482269503546 0.13019250253292808 0.02634245187436677
0 0.18161094224924013 0.36727456940222897 0.1393110435663627 0.06484295845997974
0 0.15704154002026344 0.35714285714285715 0.10739614994934144 0.0851063829787234
0 0.1487746120967914 0.32877406281661603 0.09487264056357621 0.08915906788247213
0 0.3795021002886154 0.3528368794326241 0.08786500234013034 0.08257345491388045
0 0.389564336372847 0.3660081053698075 0.11144883485309018 0.0673758865248227
0 0.407548125633232 0.378419452887538 0.12917933130699089 0.0425531914893617
0 0.5939716312056738 0.05597771023302938 0.10891590678824721 0.11195542046605876
0 0.5886524822695035 0.085612968591692 0.09827760891590678 0.171225937183384
0 0.5782674772036475 0.1274062816616008 0.07750759878419453 0.1636271529888551
0 0.5952380952380952 0.1641337386018237 0.11144883485309018 0.07801418439716312
0 0.5704154002026343 0.2018743667679838 0.06180344478216818 0.1646403242147923
0 0.5861195542046606 0.2454407294832827 0.09321175278622088 0.061296859169199594
0 0.5648429584599798 0.2786220871327254 0.05065856129685917 0.16312056737588654
0 0.8343465045592705 0.05648429584599798 0.1347517730496454 0.11296859169199595
0 0.8214516992351282 0.11752786220871327 0.12775463530436132 0.12006079027355623
0 0.811304920038761 0.1770516717325228 0.16932789558464564 0.08105369807497467
0 0.7978264558342983 0.24113475177304963 0.1772316811947719 0.09371833839918946
0 0.7885305304581551 0.30319148936170215 0.1374575189983634 0.12917933130699089
0 0.5797872340425532 0.3657548125633232 0.08054711246200608 0.06788247213779129
0 0.9617527862208713 0.09929078014184398 0.07649442755825735 0.19858156028368795
0 0.9422492401215805 0.23961499493414387 0.11550151975683891 0.22391084093211752
0 0.9194528875379939 0.34701114488348533 0.16109422492401215 0.10536980749746708
0 0.3047112462006079 0.4693515704154002 0.18693009118541035 0.1393110435663627
0 0.10494184822328462 0.5108915906788247 0.18812813384481883 0.1767983789260385
0 0.28548188386267637 0.5473657548125633 0.1698329281261797 0.160081053698075
0 0.08611955420466058 0.6142350557244174 0.17223910840932116 0.07750759878419453
0 0.0780891135683029 0.653242147922999 0.09595073875179869 0.09017223910840932
0 0.06751953258136409 0.6798378926038501 0.13329616663730762 0.040526849037487336
0 0.06924126188549977 0.7122593718338399 0.10774489185996047 0.10030395136778116
0 0.0640723768054464 0.7573454913880446 0.11966889889269278 0.11246200607902736
0 0.0549645390070922 0.8067375886524822 0.1099290780141844 0.10891590678824721
0 0.218146133420699 0.7720364741641338 0.1635282094739927 0.07750759878419453
0 0.22281484793044054 0.7228976697061803 0.14542778464220937 0.06382978723404255
0 0.22772402516135282 0.6818642350557245 0.11694118994099402 0.1094224924012158
0 0.24787606434777903 0.6322188449848024 0.16263206208731248 0.07142857142857142
0 0.41049043437855565 0.6519756838905775 0.13637942081014093 0.1281661600810537
0 0.10916919959473151 0.9214792299898683 0.21833839918946302 0.15704154002026344
0 0.31762917933130697 0.9430091185410334 0.23809523809523808 0.11398176291793313
0 0.6545086119554204 0.43034447821681865 0.22289766970618036 0.061296859169199594
0 0.6514690982776089 0.4696048632218845 0.22391084093211752 0.1398176291793313
0 0.6380445795339412 0.5250759878419453 0.19706180344478216 0.207193515704154
0 0.6418439716312057 0.6220871327254306 0.20466058763931105 0.09625126646403243
0 0.5975177304964538 0.9027355623100304 0.1160081053698075 0.1702127659574468
0 0.6203140830800405 0.9341438703140831 0.16160081053698075 0.06889564336372847
0 0.5924518743667679 0.9620060790273556 0.10587639311043566 0.07598784194528875
0 0.8898176291793313 0.5217831813576495 0.22036474164133737 0.1408308004052685
0 0.8806990881458967 0.5762411347517731 0.23860182370820668 0.07446808510638298
0 0.8937983810533606 0.5921985815602837 0.17087856283325953 0.16058763931104356
0 0.878419452887538 0.6056231003039514 0.24316109422492402 0.044072948328267476
0 0.8849369227495266 0.619807497467072 0.16818331736270334 0.1580547112462006
0 0.8810046633402926 0.6337386018237082 0.1649490227980359 0.15501519756838905
0 0.8766464032421479 0.648176291793313 0.24670719351570417 0.06636271529888552
0 0.8824795148806008 0.6621073961499493 0.16818331736270334 0.1580547112462006
0 0.8733535967578521 0.6767983789260384 0.25329280648429586 0.07396149949341439
0 0.8759950822785534 0.6881965552178319 0.16602712098625838 0.15602836879432624
0 0.8750211778442742 0.7033941236068896 0.1691964885886405 0.1580547112462006
0 0.8695366981149918 0.7178318135764944 0.1622537773274797 0.1524822695035461
0 0.8686926476052832 0.7310030395136778 0.1633318755157024 0.1534954407294833
0 0.8652482269503546 0.7479736575481256 0.2695035460992908 0.0795339412360689
0 0.8611018315248457 0.8059777102330293 0.19297957569181987 0.18135764944275581
0 0.8465097922636189 0.8834853090172239 0.20591675395048936 0.19351570415400202
0 0.8343465045592705 0.9326241134751773 0.21479229989868287 0.1347517730496454
0 0.8158561296859169 0.9802431610942249 0.18693009118541035 0.03951367781155015