0 0.472333000997009 0.23654037886340978 0.034396809571286144 0.1321036889332004
0 0.3968095712861416 0.0496011964107677 0.06779661016949153 0.0992023928215354
0 0.3629112662013958 0.05284147557328016 0.14955134596211367 0.10568295114656032
0 0.3297607178464606 0.03788634097706879 0.06929212362911266 0.07577268195413758
0 0.3573850540050435 0.20859320814411283 0.12846224905455894 0.12846224905455894
0 0.3157868357809074 0.2322563514176914 0.13826458934386254 0.13826458934386265
0 0.2834441785551227 0.21367084237617892 0.13362137552261347 0.13362137552261347
0 0.2508586012472147 0.2095680756847351 0.1310418122885862 0.1310418122885862
0 0.21523847661940182 0.20432349673853073 0.08954092726908358 0.19730650435475067
0 0.1732335385480219 0.20204699855174452 0.08900760646201299 0.19629208722140487
0 0.13028381598435648 0.20130083014510952 0.14032823993108437 0.1403282399310845
0 0.21335992023928216 0.038883349950149554 0.1365902293120638 0.07776669990029911
0 0.17572283150548354 0.024675972083748755 0.12412761714855433 0.04935194416749751
0 0.13285144566301096 0.035643070787637086 0.1440677966101695 0.07128614157527417
0 0.09695912263210368 0.028913260219341975 0.13609172482552342 0.05782652043868395
0 0.06555333998005983 0.03514456630109671 0.06630109670987039 0.07028913260219342
0 0.035643070787637086 0.03215353938185444 0.07128614157527417 0.06430707876370888
0 0.019441674975074777 0.18070787637088734 0.038883349950149554 0.13310069790628115
0 0.02143569292123629 0.15478564307078763 0.04287138584247258 0.15304087736789632
0 0.04321722995767753 0.14494688757200033 0.06955167884146882 0.12391556371057769
0 0.02318045862412762 0.3728813559322034 0.04636091724825524 0.12462612163509472
0 0.007726819541375872 0.3843469591226321 0.015453639082751745 0.15054835493519442
0 0.8860917248255235 0.08499501495513459 0.22781655034895315 0.16999002991026918
0 0.7450149551345963 0.06630109670987039 0.2337986041874377 0.13260219341974078
0 0.5862412761714856 0.0780159521435693 0.16450648055832504 0.1560319042871386
0 0.5687936191425723 0.3968095712861416 0.1585244267198405 0.12562313060817548
0 0.6924227318045862 0.3935692921236291 0.16350947158524426 0.1321036889332004
0 0.8504486540378864 0.41849451645064806 0.21036889332003988 0.08225324027916252
0 0.24476570289132601 0.7298105682951147 0.48953140578265203 0.5403788634097707
0 0.24376869391824527 0.7298105682951147 0.48753738783649053 0.5403788634097707
0 0.1984047856430708 0.7230807577268196 0.3968095712861416 0.5269192422731804
0 0.06655034895314058 0.7298105682951147 0.13310069790628115 0.5403788634097707
0 0.08374875373878365 0.6951645064805583 0.1674975074775673 0.471086739780658
0 0.9710867397806581 0.734297108673978 0.05782652043868395 0.1674975074775673
0 0.9548853439680958 0.7313060817547358 0.09022931206380858 0.25822532402791626
0 0.9449152542372882 0.9621136590229312 0.11016949152542373 0.07577268195413758
0 0.9264705882352942 0.9379361914257228 0.11714855433698904 0.12412761714855433
0 0.8897799357116235 0.8544572113421588 0.18160125167552088 0.1816012516755211
0 0.7569790628115654 0.7706879361914257 0.3165503489531406 0.45862412761714855
0 0.6290501979587437 0.6988550047594216 0.18882402873079734 0.18882402873079757
0 0.5939680957128615 0.9366899302093719 0.17796610169491525 0.12662013958125623
0 0.5720924972101381 0.6828759653539219 0.13030751404265725 0.1813037246278391
0 0.5535892323030908 0.9312063808574277 0.09820538384845463 0.13758723828514458