0 0.4564873417721519 0.03993480032599837 0.3947784810126582 0.035859820700896494
0 0.4564873417721519 0.05969845150774246 0.2626582278481013 0.10004074979625102
0 0.09599156118143459 0.09046454767726161 0.13554852320675106 0.051548492257538714
0 0.10416666666666667 0.12082314588427058 0.18618143459915612 0.03932355338223309
0 0.1160337552742616 0.16055419722901385 0.20147679324894516 0.04339853300733496
0 0.12289029535864979 0.19885900570497148 0.1553270042194093 0.059290953545232276
0 0.13449367088607594 0.23207008964955175 0.15453586497890295 0.059290953545232276
0 0.12895569620253164 0.2693561532192339 0.1553270042194093 0.059290953545232276
0 0.14899789029535865 0.30949470252648736 0.22046413502109705 0.03667481662591687
0 0.4609704641350211 0.10635696821515893 0.3494198312236287 0.13345558272208638
0 0.34124472573839665 0.16727791361043196 0.15981012658227847 0.06092094539527303
0 0.3546940928270042 0.2080277098614507 0.16482067510548523 0.06336593317033415
0 0.3560126582278481 0.24164629176854116 0.21677215189873417 0.04013854930725346
0 0.3728902953586498 0.27302363488182557 0.23022151898734178 0.035859820700896494
0 0.37183544303797467 0.30399348003259985 0.14688818565400844 0.056030969845150776
0 0.5843881856540084 0.3298696006519967 0.1909282700421941 0.03993480032599837
0 0.5841244725738397 0.295639771801141 0.19145569620253164 0.04258353708231459
0 0.5912447257383966 0.256519967400163 0.15981012658227847 0.06092094539527303
0 0.5722573839662447 0.2245313773431133 0.1339662447257384 0.051140994295028525
0 0.5677742616033755 0.19702526487367564 0.18591772151898733 0.02893235533822331
0 0.5698839662447257 0.17420537897310515 0.20279535864978904 0.03280358598207009
0 0.22837552742616032 0.3533007334963325 0.12447257383966245 0.047473512632436835
0 0.5479957805907173 0.36145069274653624 0.24393459915611815 0.034229828850855744
0 0.8839662447257384 0.3422982885085575 0.1962025316455696 0.09535452322738386
0 0.8810654008438819 0.3286471067644662 0.17035864978902954 0.12265688671556642
0 0.8794763094947134 0.3013376393790684 0.1849635816780811 0.1465221416564642
0 0.8628691983122363 0.2667074164629177 0.2742616033755274 0.07538712306438468
0 0.8604957805907173 0.23207008964955175 0.2790084388185654 0.06886715566422168
0 0.33992616033755274 0.49470252648736757 0.6798523206751055 0.19233903830480847
0 0.3876582278481013 0.6240831295843521 0.5843881856540084 0.4682151589242054
0 0.42168876408719924 0.781354690350251 0.4402315378727095 0.3496663827134046
0 0.33992616033755274 0.8441320293398533 0.6798523206751055 0.18296658516707417
0 0.33992616033755274 0.8922167889160554 0.6798523206751055 0.10961695191524043
0 0.41350210970464135 0.8567644661776691 0.5327004219409283 0.2864710676446618
0 0.42035864978902954 0.8777506112469438 0.5189873417721519 0.24449877750611246
0 0.41930379746835444 0.9011817440912795 0.5210970464135021 0.1976365118174409
0 0.7739978902953587 0.6927465362673186 0.18829113924050633 0.06356968215158924
0 0.7507911392405063 0.7337000814995925 0.14187763713080168 0.1462917685411573
0 0.7565928270042194 0.7791361043194784 0.15348101265822786 0.15729421352893236
0 0.7808544303797469 0.8166259168704156 0.2020042194092827 0.07334963325183375
0 0.7821729957805907 0.8561532192339039 0.20464135021097046 0.06356968215158924
0 0.7552742616033755 0.8952730236348818 0.15084388185654007 0.15240423797881011
0 0.7560654008438819 0.9311328443357784 0.15242616033755274 0.13773431132844335
0 0.7600210970464135 0.9492665036674817 0.16033755274261605 0.10146699266503667
0 0.7858649789029536 0.9894050529747351 0.2120253164556962 0.021189894050529748
0 0.9520042194092827 0.7426650366748166 0.09599156118143459 0.07538712306438468
0 0.9496308016877637 0.7080277098614507 0.10073839662447258 0.06886715566422168