0 0.3259493670886076 0.12353324641460235 0.05590717299578059 0.06486310299869621
0 0.2936708860759494 0.12565189048239897 0.0981012658227848 0.08393089960886571
0 0.23565400843881856 0.1354302477183833 0.10611814345991562 0.0909387222946545
0 0.17953586497890295 0.1429269882659713 0.10042194092827005 0.08604954367666232
0 0.1308016877637131 0.1515645371577575 0.09957805907172995 0.08490873533246415
0 0.07383966244725738 0.15221642764015644 0.09620253164556962 0.08246414602346806
0 0.03438818565400844 0.1652542372881356 0.06877637130801688 0.08784224250325945
0 0.31518987341772153 0.2861799217731421 0.12362869198312236 0.17405475880052151
0 0.2582278481012658 0.23891786179921773 0.10232067510548523 0.08767926988265971
0 0.19852320675105486 0.24837027379400262 0.11181434599156118 0.09566492829204694
0 0.14746835443037976 0.2517926988265971 0.0981012658227848 0.08441981747066493
0 0.10274261603375527 0.2620599739243807 0.10717299578059072 0.09207953063885267
0 0.05548523206751055 0.26434159061277707 0.06455696202531645 0.10609517601043025
0 0.04852320675105485 0.3679921773142112 0.06497890295358649 0.10413950456323337
0 0.09978902953586498 0.363754889178618 0.10189873417721519 0.08719035202086049
0 0.15843881856540085 0.3578878748370274 0.09620253164556962 0.08279009126466753
0 0.2040084388185654 0.3474576271186441 0.09008438818565401 0.07708604954367666
0 0.2451476793248945 0.3430573663624511 0.05949367088607595 0.09077574967405476
0 0.279957805907173 0.34207953063885266 0.0949367088607595 0.08116036505867015
0 0.960337552742616 0.30752933507170793 0.07025316455696203 0.10853976531942634
0 0.9489451476793249 0.30394393741851367 0.09430379746835443 0.1623207301173403
0 0.9078059071729958 0.31632985658409385 0.17531645569620252 0.13314863102998697
0 0.8822784810126583 0.3200782268578879 0.22278481012658227 0.13934159061277707
0 0.8274261603375528 0.31029986962190353 0.17531645569620252 0.10935462842242503
0 0.7854430379746835 0.3350717079530639 0.2251054852320675 0.14064537157757498
0 0.7320675105485233 0.32741199478487615 0.20021097046413502 0.12516297262059975
0 0.6753164556962026 0.33751629726205995 0.20147679324894516 0.12597783572359844
0 0.6183544303797468 0.33539765319426335 0.20232067510548524 0.12646675358539766
0 0.5708860759493671 0.3508800521512386 0.2219409282700422 0.13885267275097785
0 0.5223628691983122 0.35055410691003913 0.20063291139240505 0.12532594524119947
0 0.4883966244725738 0.3580508474576271 0.20063291139240505 0.1515645371577575
0 0.820042194092827 0.13738591916558018 0.16540084388185655 0.10348761408083441
0 0.7972573839662447 0.13771186440677965 0.1620253164556962 0.10120599739243807
0 0.7772151898734178 0.14113428943937417 0.07890295358649789 0.13885267275097785
0 0.7556962025316456 0.1354302477183833 0.06856540084388185 0.1258148631029987
0 0.6734177215189874 0.12239243807040417 0.10063291139240506 0.06290743155149935
0 0.6548523206751055 0.12548891786179922 0.10970464135021098 0.06861147327249022
0 0.6341772151898735 0.12548891786179922 0.10675105485232067 0.06649282920469361
0 0.6227848101265823 0.15319426336375488 0.10147679324894515 0.14390482398956975
0 0.5978902953586498 0.139993481095176 0.140084388185654 0.08767926988265971
0 0.5774261603375528 0.13934159061277707 0.12953586497890296 0.0809973924380704
0 0.559915611814346 0.14146023468057367 0.1259493670886076 0.07871577574967406
0 0.5415611814345992 0.14863102998696218 0.06160337552742616 0.1158735332464146
0 0.5236286919831223 0.15303129074315516 0.0628691983122363 0.12059973924380704
0 0.4637130801687764 0.16883963494132986 0.1339662447257384 0.15514993481095177
0 0.4130801687763713 0.17552151238591918 0.06666666666666667 0.1558018252933507
0 0.18649789029535865 0.681877444589309 0.14957805907172997 0.15221642764015644
0 0.17130801687763714 0.6831812255541069 0.08459915611814346 0.211864406779661
0 0.15738396624472573 0.6836701434159062 0.1369198312236287 0.13934159061277707
0 0.14367088607594936 0.6872555410691004 0.1489451476793249 0.15172750977835722
0 0.13164556962025317 0.6903520208604954 0.1419831223628692 0.14439374185136897
0 0.1219409282700422 0.6880704041720991 0.13628691983122362 0.1386897001303781
0 0.11286919831223628 0.6897001303780965 0.13438818565400845 0.1367340286831812
0 0.0751054852320675 0.6960560625814863 0.13438818565400845 0.1367340286831812
0 0.06877637130801688 0.6973598435462842 0.13734177215189874 0.14716427640156454
0 0.0628691983122363 0.6945893089960886 0.1257383966244726 0.14015645371577576
0 0.05590717299578059 0.6986636245110821 0.11181434599156118 0.12988917861799218
0 0.05358649789029536 0.6985006518904824 0.10717299578059072 0.13722294654498043
0 0.04852320675105485 0.700619295958279 0.0970464135021097 0.13200782268578878
0 0.04493670886075949 0.6986636245110821 0.08966244725738397 0.13347457627118645
0 0.008227848101265823 0.7050195567144719 0.016244725738396623 0.19214471968709257
0 0.01751054852320675 0.7030638852672751 0.03481012658227848 0.1091916558018253
0 0.01350210970464135 0.7025749674054759 0.02679324894514768 0.10902868318122555
0 0.010759493670886076 0.7045306388526728 0.021308016877637132 0.11196219035202086
0 0.029535864978902954 0.8834745762711864 0.043248945147679324 0.13917861799217732
0 0.039029535864978905 0.8829856584093873 0.049156118143459916 0.08865710560625815
0 0.03375527426160337 0.8833116036505867 0.03860759493670886 0.08588657105606258
0 0.07890295358649789 0.8782594524119948 0.04430379746835443 0.13820078226857888
0 0.09071729957805907 0.8767926988265972 0.039662447257383965 0.13689700130378096
0 0.10021097046413502 0.8746740547588006 0.043248945147679324 0.14015645371577576
0 0.11033755274261603 0.875 0.039662447257383965 0.1365710560625815
0 0.11962025316455696 0.8728813559322034 0.04177215189873418 0.13852672750977835
0 0.13016877637130803 0.871251629726206 0.04029535864978903 0.13836375488917863
0 0.13924050632911392 0.8696219035202086 0.04135021097046414 0.139993481095176
0 0.15 0.8684810951760105 0.042827004219409284 0.1395045632333768
0 0.160126582278481 0.8678292046936115 0.042827004219409284 0.13917861799217732
0 0.16919831223628692 0.8663624511082139 0.04113924050632911 0.13901564537157757
0 0.1778481012658228 0.8653846153846154 0.04029535864978903 0.13836375488917863
0 0.1881856540084388 0.8626140808344198 0.043248945147679324 0.1419491525423729
0 0.19746835443037974 0.8635919165580183 0.03860759493670886 0.13689700130378096
0 0.20843881856540084 0.8606584093872229 0.04135021097046414 0.14097131681877445
0 0.22236286919831225 0.8590286831812256 0.05021097046413502 0.14308996088657105
0 0.26329113924050634 0.855606258148631 0.043670886075949364 0.13820078226857888
0 0.27362869198312234 0.8541395045632334 0.039662447257383965 0.13689700130378096
0 0.2833333333333333 0.8516949152542372 0.04177215189873418 0.139993481095176
0 0.2917721518987342 0.8500651890482399 0.043670886075949364 0.1416232073011734
0 0.3029535864978903 0.8485984354628422 0.04071729957805907 0.1408083441981747
0 0.3128691983122363 0.8479465449804433 0.04177215189873418 0.139993481095176
0 0.32236286919831225 0.8472946544980443 0.04113924050632911 0.13901564537157757
0 0.3318565400843882 0.8458279009126467 0.04071729957805907 0.1395045632333768
0 0.34135021097046414 0.8445241199478487 0.042827004219409284 0.139993481095176
0 0.35147679324894515 0.8435462842242504 0.04029535864978903 0.13885267275097785
0 0.35822784810126584 0.8424054758800521 0.036286919831223625 0.13852672750977835
0 0.3632911392405063 0.8391460234680573 0.026160337552742614 0.14015645371577576
0 0.3679324894514768 0.8383311603650587 0.01729957805907173 0.13901564537157757
0 0.8341772151898734 0.5772490221642764 0.2616033755274262 0.2151238591916558
0 0.8879746835443038 0.803129074315515 0.2240506329113924 0.26792698826597133
0 0.9094936708860759 0.9638200782268579 0.1810126582278481 0.07235984354628422
0 0.6156118143459915 0.598761408083442 0.319831223628692 0.258148631029987
0 0.6921714399761791 0.836603606478944 0.2731844195022001 0.22563322761639687
0 0.7554852320675105 0.9719687092568449 0.3 0.0560625814863103
0 0.4919831223628692 0.7359843546284224 0.22447257383966246 0.24315514993481094
0 0.5548523206751055 0.9434485006518905 0.2759493670886076 0.11310299869621904