0 0.670639534883721 0.07219879518072289 0.5505697674418605 0.03897590361445783
0 0.6668720930232558 0.12139307228915663 0.616139534883721 0.0383960843373494
0 0.1492558139534884 0.21396084337349397 0.25863953488372093 0.04710843373493976
0 0.14572093023255814 0.28951807228915666 0.26817441860465113 0.06698795180722891
0 0.1569767441860465 0.3864759036144578 0.28405813953488374 0.08664156626506024
0 0.16222093023255812 0.4798042168674698 0.2901627906976744 0.06448795180722891
0 0.1726860465116279 0.5610768072289156 0.2958139534883721 0.06545180722891566
0 0.1567906976744186 0.6528765060240964 0.2644883720930233 0.08624246987951807
0 0.17622093023255817 0.750519578313253 0.30204651162790697 0.06953313253012049
0 0.6697093023255815 0.2364984939759036 0.6483837209302326 0.16748493975903614
0 0.47972093023255813 0.39125000000000004 0.25845348837209303 0.10693524096385541
0 0.48986046511627906 0.4909563253012048 0.3053139534883721 0.07829819277108434
0 0.4840813953488372 0.5741792168674699 0.29096511627906974 0.06076807228915663
0 0.5009651162790697 0.6503463855421686 0.3136860465116279 0.06117469879518072
0 0.4930581395348837 0.7268298192771084 0.3029302325581395 0.056671686746987956
0 0.8148604651162791 0.779375 0.31046511627906975 0.06130271084337349
0 0.8138255813953488 0.6954292168674698 0.2959418604651163 0.07858433734939758
0 0.8137093023255814 0.5989984939759037 0.2928372093023256 0.06275602409638555
0 0.7936511627906976 0.5215361445783133 0.2565581395348837 0.06278614457831325
0 0.7934883720930233 0.45365963855421687 0.253546511627907 0.04148343373493976
0 0.8018488372093023 0.39760542168674695 0.27669767441860466 0.050308734939759035
0 0.2787906976744186 0.8551807228915663 0.23863953488372092 0.04082831325301205
0 0.7296162790697674 0.859171686746988 0.3363139534883721 0.040210843373493975