0 0.07790091264667535 0.16322662173546756 0.053129074315514994 0.14363942712721145
0 0.11408083441981746 0.15985678180286436 0.08344198174706649 0.15058972198820555
0 0.1756844850065189 0.15143218197135636 0.14960886571056062 0.11457455770850884
0 0.23663624511082137 0.14743049705139005 0.09126466753585398 0.15522325189553496
0 0.31029986962190353 0.13795282224094355 0.14863102998696218 0.11394271272114574
0 0.3983050847457627 0.13352990732940184 0.16460234680573663 0.12552653748946924
0 0.4921773142112125 0.12194608256107835 0.11473272490221642 0.11752316764953664
0 0.5104302477183833 0.3104465037910699 0.07007822685788788 0.2059814658803707
0 0.5068448500651891 0.30855096882898064 0.08539765319426336 0.13521482729570344
0 0.4123207301173403 0.3201347935973041 0.08279009126466753 0.18534119629317608
0 0.3621251629726206 0.31823925863521485 0.15873533246414603 0.12152485256950295
0 0.32333767926988266 0.32877000842459986 0.17405475880052151 0.13395113732097724
0 0.2835723598435463 0.32834877843302446 0.17405475880052151 0.13331929233361414
0 0.242503259452412 0.33445661331086773 0.17079530638852672 0.13100252737994944
0 0.2033898305084746 0.3346672283066554 0.17992177314211213 0.13795282224094355
0 0.16036505867014342 0.34077506318449874 0.1727509778357236 0.13247683235046334
0 0.11408083441981746 0.3443555181128896 0.09126466753585398 0.2080876158382477
0 0.6013689700130378 0.19123841617523168 0.10365058670143416 0.2072451558550969
0 0.6378748370273793 0.18786857624262848 0.17666232073011734 0.21566975568660487
0 0.632523436626208 0.18256989420561034 0.11658028973189938 0.31694528217525453
0 0.7004563233376793 0.17586352148272957 0.30182529335071706 0.2051390058972199
0 0.7650478792465986 0.16986880991042716 0.11147043023481418 0.30996490938915394
0 0.8321413527349136 0.1656953405156215 0.30392219440833584 0.2018373096902036
0 0.8722294654498044 0.15964616680707666 0.25554106910039115 0.19292333614153329
0 0.8930899608865711 0.15711878685762426 0.2138200782268579 0.2005054759898905
0 0.9201434159061278 0.15374894692502106 0.15971316818774445 0.18702611625947768
0 0.9344850065189049 0.14995787700084245 0.13102998696219034 0.2047177759056445
0 0.9602346805736637 0.14890480202190395 0.07953063885267275 0.1933445661331087
0 0.5609517601043025 0.44818871103622576 0.022816166883963495 0.16343723673125526
0 0.5726857887874837 0.4483993260320135 0.046284224250325946 0.16301600673967986
0 0.5925684485006519 0.44734625105307496 0.05867014341590613 0.16512215669755687
0 0.6170143415906127 0.44692502106149956 0.058018252933507174 0.16596461668070767
0 0.6401564537157758 0.44566133108677336 0.05867014341590613 0.16849199663016007
0 0.6646023468057366 0.4450294860994103 0.056714471968709254 0.16975568660488627
0 0.6813265199404773 0.43719918685510395 0.036621248385900196 0.16341139606398467
0 0.025097783572359842 0.6754422914911542 0.040091264667535854 0.16596461668070767
0 0.05834419817470665 0.6735467565290648 0.10202086049543677 0.10383319292333615
0 0.051173402868318126 0.6748104465037911 0.06453715775749674 0.17438921651221567
0 0.07464146023468057 0.672072451558551 0.13428943937418514 0.10362257792754845
0 0.08572359843546284 0.6716512215669755 0.15710560625814862 0.11036225779275484
0 0.10299869621903521 0.6687026116259478 0.16101694915254236 0.11352148272957034
0 0.1228813559322034 0.6670176916596462 0.046284224250325946 0.16891322662173547
0 0.23598435462842243 0.6564869418702611 0.15482398956975227 0.10867733782645324
0 0.2578226857887875 0.6566975568660489 0.0469361147327249 0.17038753159224937
0 0.27640156453715775 0.6541701769165965 0.15254237288135594 0.10699241786015164
0 0.3324641460234681 0.6482729570345409 0.14928292046936115 0.10488626790227464
0 0.3520208604954368 0.6478517270429655 0.15938722294654498 0.11204717775905644
0 0.3751629726205997 0.6455349620893007 0.14602346805736635 0.10278011794439765
0 0.4302477183833116 0.6419545071609098 0.15873533246414603 0.11141533277169334
0 0.45273794002607565 0.6377422072451558 0.14928292046936115 0.10488626790227464
0 0.5247718383311604 0.6339511373209773 0.04921773142112125 0.17902274641954508
0 0.5440026075619296 0.6331086773378265 0.01108213820078227 0.17186183656276327
0 0.03650586701434159 0.8582561078348778 0.035202086049543675 0.17038753159224937
0 0.04954367666232073 0.8565711878685762 0.03585397653194263 0.16975568660488627
0 0.0651890482398957 0.8561499578770009 0.03650586701434159 0.16933445661331087
0 0.08311603650586702 0.8582561078348778 0.04139504563233377 0.17207245155855097
0 0.09876140808344198 0.8567818028643639 0.039765319426336376 0.17101937657961247
0 0.15482398956975227 0.8510951979780961 0.03911342894393742 0.17207245155855097
0 0.1694915254237288 0.848989048020219 0.039765319426336376 0.17101937657961247
0 0.18807040417209908 0.8473041280539174 0.04139504563233377 0.17375737152485257
0 0.2030638852672751 0.8468828980623421 0.038461538461538464 0.17291491154170177
0 0.22033898305084745 0.8456192080876158 0.04204693611473272 0.17417860151642797
0 0.2793350717079531 0.8399326032013479 0.038135593220338986 0.17038753159224937
0 0.2982398956975228 0.8395113732097725 0.035202086049543675 0.16786015164279697
0 0.3119295958279009 0.8388795282224094 0.03911342894393742 0.17059814658803707
0 0.32790091264667537 0.8378264532434709 0.03878748370273794 0.16743892165122157
0 0.3432203389830508 0.8338247683235046 0.036831812255541066 0.17249368155012637
0 0.35919165580182527 0.8327716933445661 0.035202086049543675 0.16828138163437237
0 0.3732073011734029 0.8344566133108677 0.03585397653194263 0.16786015164279697
0 0.3956975228161669 0.8327716933445661 0.04954367666232073 0.17459983150800337
0 0.4181877444589309 0.8298230834035384 0.03911342894393742 0.17312552653748947
0 0.4429595827900913 0.8260320134793597 0.05899608865710561 0.17017691659646167
0 0.5961538461538461 0.9079612468407751 0.09322033898305085 0.18407750631844988
0 0.622555410691004 0.905223251895535 0.14602346805736635 0.18955349620893008
0 0.651890482398957 0.901010951979781 0.2046936114732725 0.1979780960404381
0 0.68122555410691 0.9033277169334457 0.2633637548891786 0.1933445661331087
0 0.7066492829204694 0.8980623420387531 0.31421121251629724 0.2038753159224937
0 0.7522816166883963 0.895324347093513 0.3220338983050847 0.20935130581297387
0 0.7913950456323338 0.865838247683235 0.10430247718383312 0.2683235046335299
0 0.818122555410691 0.8643639427127211 0.06910039113428944 0.2712721145745577
0 0.8422425032594524 0.8620471777590565 0.06779661016949153 0.2759056444818871
0 0.8663624511082139 0.8624684077506318 0.07431551499348109 0.2750631844987363
0 0.9573011734028684 0.8563605728727886 0.08539765319426336 0.2872788542544229
0 0.9879400260756193 0.8529907329401853 0.024119947848761408 0.2940185341196293