0 0.0661680092059839 0.1494823123382226 0.1323360184119678 0.07204486626402071
0 0.0595512082853855 0.17817083692838653 0.119102416570771 0.12424503882657463
0 0.06818181818181818 0.22648835202761 0.1360759493670886 0.1412855910267472
0 0.07364787111622555 0.27351164797238997 0.14700805523590335 0.13912855910267471
0 0.08716915995397008 0.33088869715271785 0.17405063291139242 0.11583261432269197
0 0.09781357882623705 0.3986194995685936 0.1956271576524741 0.13244176013805004
0 0.10327963176064442 0.48662640207075064 0.18354430379746836 0.14193270060396893
0 0.34004602991944766 0.4115616911130285 0.2807825086306099 0.11885245901639344
0 0.34637514384349827 0.44779982743744606 0.2172036823935558 0.17493528904227781
0 0.32508630609896433 0.33541846419327004 0.2474108170310702 0.0996548748921484
0 0.30897583429229 0.2989646246764452 0.24626006904487918 0.10591026747195859
0 0.3121403912543153 0.2657463330457291 0.20339470655926353 0.1643658326143227
0 0.3009205983889528 0.23684210526315788 0.1962025316455696 0.15875754961173424
0 0.2974683544303797 0.20383951682484902 0.21029919447640966 0.17083692838654013
0 0.286536248561565 0.17493528904227781 0.20627157652474107 0.1676013805004314
0 0.28308400460299193 0.1408541846419327 0.2583429228998849 0.0964193270060397
0 0.2744533947065593 0.1050474547023296 0.2094361334867664 0.16911130284728215
0 0.5796892980437284 0.1712683347713546 0.12025316455696203 0.22605694564279552
0 0.0693325661680092 0.6453839516824849 0.1386651323360184 0.05845556514236411
0 0.06329113924050633 0.6710526315789473 0.12658227848101267 0.08930112165660052
0 0.06530494821634063 0.7001725625539258 0.13060989643268126 0.08973252804141502
0 0.07681242807825087 0.7279982743744607 0.15362485615650173 0.09706643658326143
0 0.27848101265822783 0.6078515962036238 0.18872266973532797 0.05349439171699741
0 0.29487917146144993 0.6369715271786023 0.22094361334867663 0.07053494391716997
0 0.30322209436133485 0.6667385677308024 0.19073647871116226 0.0951251078515962
0 0.31070195627157654 0.6921915444348576 0.2551783659378596 0.07139775668679896
0 0.1838319907940161 0.7379206212251941 0.18181818181818182 0.09081104400345125
0 0.24769850402761795 0.7955133735979293 0.4953970080552359 0.16695427092320966
0 0.11565017261219793 0.881578947368421 0.2310126582278481 0.07204486626402071
0 0.3604718066743383 0.8462036238136325 0.19073647871116226 0.0951251078515962
0 0.12025316455696203 0.9240724762726489 0.20512082853855007 0.10245901639344263
0 0.36823935558112775 0.8863244176013805 0.1930379746835443 0.0964193270060397
0 0.25776754890678943 0.9432700603968939 0.17750287686996546 0.08865401207937877
0 0.2580552359033372 0.9508196721311475 0.14758342922899884 0.02610008628127696
0 0.26150747986191025 0.9588006902502157 0.08659378596087457 0.04378774805867127
0 0.2609321058688147 0.9661345987920621 0.13981588032220943 0.028041415012942193
0 0.5724971231300345 0.7875323554788611 0.10586881472957423 0.11044003451251079
0 0.5788262370540852 0.8602243313201036 0.11823935558112773 0.11194995685936152
0 0.5903337169159953 0.9322691975841243 0.130897583429229 0.11496980155306298
0 0.6058688147295742 0.9788610871440897 0.14182968929804374 0.03796376186367558
0 0.8363060989643268 0.9411130284728214 0.16800920598388952 0.08951682484900776
0 0.8176064441887226 0.8746764452113891 0.142692750287687 0.12532355478861087
0 0.8040851553509781 0.7983175150992234 0.167433831990794 0.0942622950819672
0 0.7825086306098964 0.728213977566868 0.11852704257767549 0.10396893874029335
0 0.783084004602992 0.6507765314926661 0.16628308400460298 0.07722174288179465