0 0.3378524945770065 0.0370216306156406 0.28308026030368766 0.0740432612312812
0 0.3779826464208243 0.015806988352745424 0.20281995661605207 0.03161397670549085
0 0.3573752711496746 0.04118136439267887 0.2440347071583514 0.08236272878535773
0 0.2933839479392625 0.018718801996672214 0.3720173535791757 0.03743760399334443
0 0.3839479392624729 0.04866888519134775 0.13882863340563992 0.0973377703826955
0 0.3892477696772864 0.06798834131885924 0.12266683406366181 0.08702583552440879
0 0.24349240780911063 0.08485856905158069 0.4718004338394794 0.06156405990016639
0 0.3150759219088937 0.10149750415973377 0.3286334056399132 0.04658901830282862
0 0.37635574837310193 0.1559900166389351 0.20607375271149675 0.17054908485856904
0 0.3720173535791757 0.1759567387687188 0.21475054229934923 0.18552412645590682
0 0.36388286334056397 0.19009983361064892 0.23101952277657267 0.19717138103161397
0 0.3947939262472885 0.20881863560732114 0.16919739696312364 0.04159733777038269
0 0.39888476757371083 0.22859278610961442 0.12846938791843798 0.09037782316921322
0 0.3725596529284165 0.24625623960066556 0.21366594360086769 0.1913477537437604
0 0.3986266466752452 0.26438585709068246 0.10379501343848296 0.07363724544373057
0 0.3834056399132321 0.3178036605657238 0.19197396963123645 0.1480865224625624
0 0.3139913232104121 0.4779534109816972 0.33080260303687636 0.05740432612312812
0 0.8671366594360087 0.018302828618968387 0.23318872017353579 0.036605657237936774
0 0.8644251626898047 0.029118136439267885 0.227765726681128 0.05823627287853577
0 0.8400216919739696 0.010399334442595673 0.3199566160520607 0.020798668885191347
0 0.8378524945770065 0.024126455906821963 0.324295010845987 0.048252911813643926
0 0.8660520607375272 0.06198003327787022 0.2418655097613883 0.12396006655574043
0 0.8655097613882863 0.07029950083194675 0.2299349240780911 0.1405990016638935
0 0.868763557483731 0.0819467554076539 0.24295010845986983 0.1638935108153078
0 0.8710854137772309 0.10152944364599133 0.23589775781473396 0.16735737600847847
0 0.8790011153563421 0.22801439121576314 0.22301827122551582 0.1589846670834198
0 0.8768247887950501 0.2517466543057376 0.23000031386936579 0.16317344160826647
0 0.8787021867559082 0.27296371663095015 0.22301827122551582 0.1589846670834198
0 0.8836971911986491 0.3357853769134975 0.2194798048582948 0.15647430644329258
0 0.8497830802603037 0.35732113144758737 0.3004338394793926 0.06239600665557404
0 0.8817787418655098 0.3843594009983361 0.23644251626898047 0.1713810316139767
0 0.8855748373101953 0.44217970049916805 0.22885032537960953 0.15557404326123128
0 0.8584598698481561 0.47129783693843597 0.28308026030368766 0.042429284525790346
0 0.5336225596529284 0.039101497504159734 0.10845986984815618 0.07820299500831947
0 0.5325379609544468 0.049500831946755405 0.10629067245119306 0.09900166389351081
0 0.5341648590021691 0.05948419301164726 0.10954446854663774 0.11896838602329451
0 0.5688720173535792 0.09608985024958402 0.1789587852494577 0.04409317803660566
0 0.56941431670282 0.1127287853577371 0.18004338394793926 0.03577371048252912
0 0.571583514099783 0.13394342762063227 0.1843817787418655 0.03826955074875208
0 0.5704989154013015 0.15058236272878536 0.1822125813449024 0.03494176372712146
0 0.5721258134490239 0.1701331114808652 0.18546637744034708 0.039101497504159734
0 0.5721258134490239 0.2358569051580699 0.18546637744034708 0.03410981697171381
0 0.5704989154013015 0.25707154742096505 0.1822125813449024 0.03161397670549085
0 0.571583514099783 0.27287853577371046 0.1843817787418655 0.03494176372712146
0 0.5699566160520607 0.29076539101497506 0.18112798264642083 0.03577371048252912
0 0.5764642082429501 0.30782029950083195 0.19414316702819956 0.033277870216306155
0 0.574295010845987 0.3261231281198003 0.1898047722342733 0.03161397670549085
0 0.571583514099783 0.34068219633943425 0.1843817787418655 0.0324459234608985
0 0.5753796095444685 0.36647254575707155 0.19197396963123645 0.04742096505823627
0 0.5764642082429501 0.39143094841930115 0.19414316702819956 0.03577371048252912
0 0.5770065075921909 0.42013311148086524 0.19522776572668113 0.05823627287853577
0 0.4181127982646421 0.543261231281198 0.12255965292841649 0.04658901830282862
0 0.4061822125813449 0.5490848585690515 0.14642082429501085 0.05324459234608985
0 0.39913232104121477 0.5965058236272879 0.16052060737527116 0.06655574043261231
0 0.16594360086767895 0.5374376039933444 0.16052060737527116 0.03494176372712146
0 0.16973969631236444 0.5640599001663894 0.17245119305856832 0.08818635607321132
0 0.17337624736649734 0.5887179377603815 0.1792822959391979 0.12719160576644362
0 0.3197828133328506 0.6355096866161019 0.15687200894679815 0.11129265504563819
0 0.2885032537960954 0.7337770382695508 0.38177874186550975 0.3161397670549085
0 0.4235357917570499 0.8473377703826955 0.11171366594360087 0.11730449251247921
0 0.1879332716450538 0.8400287795137447 0.16984638562660848 0.12049731072610433
0 0.41052060737527113 0.9147254575707154 0.13774403470715835 0.09234608985024959
0 0.1969615967589606 0.9049133662485894 0.1816412735173452 0.12886517952652848
0 0.3318872017353579 0.9584026622296173 0.1561822125813449 0.08319467554076539
0 0.33464343627116416 0.9846226733762118 0.15553125663385553 0.013998445784655252
0 0.3335140997830803 0.9941763727121464 0.12472885032537961 0.011647254575707155
0 0.33731019522776573 0.9866888519134775 0.09761388286334056 0.026622296173044926
0 0.8926247288503254 0.5411813643926788 0.21475054229934923 0.042429284525790346
0 0.6561822125813449 0.5532445923460898 0.19305856832971802 0.06655574043261231
0 0.9240780911062907 0.5752911813643927 0.15184381778741865 0.11064891846921797
0 0.9322125813449024 0.6123128119800333 0.13557483731019523 0.11148086522462562
0 0.6589443489691647 0.5957943253059813 0.1887182062517873 0.13388590080678273
0 0.8072691205983443 0.6546468820527952 0.3066670851591543 0.21756458881102198
0 0.8130507787811351 0.6958234063208394 0.2453336681273234 0.17405167104881758
0 0.925704989154013 0.7886855241264559 0.14859002169197397 0.13643926788685523
0 0.6650357513340392 0.7776400330451226 0.18400025109549273 0.13053875328661319
0 0.6677870721402093 0.8350612996044724 0.27888985434697505 0.07857623928696172
0 0.9197396963123644 0.8435940099833611 0.16052060737527116 0.1497504159733777
0 0.9376355748373102 0.9413477537437605 0.12472885032537961 0.09068219633943428
0 0.9229934924078091 0.9804492512479202 0.1540130151843818 0.039101497504159734