0 0.07588408644400786 0.2648462354188759 0.10265225933202357 0.0612407211028632
0 0.07170923379174853 0.1914103923647932 0.11173870333988212 0.08112407211028633
0 0.15545186640471512 0.2682926829268293 0.09430255402750491 0.06680805938494168
0 0.20211198428290766 0.27014846235418877 0.11517681728880157 0.037645811240721104
0 0.23403732809430255 0.2733297985153765 0.06041257367387033 0.05222693531283139
0 0.27283889980353637 0.2717391304347826 0.11984282907662082 0.03923647932131495
0 0.3268664047151277 0.2722693531283139 0.1318762278978389 0.043478260869565216
0 0.38629666011787817 0.2754506892895016 0.13408644400785855 0.0440084835630965
0 0.331286836935167 0.2104984093319194 0.15201375245579568 0.04957582184517497
0 0.2725933202357564 0.2104984093319194 0.07809430255402751 0.05620360551431601
0 0.22323182711198428 0.2097030752916225 0.12819253438113948 0.04188759278897137
0 0.16306483300589392 0.20334040296924707 0.13531434184675836 0.04427359490986214
0 0.17215127701375246 0.13812301166489926 0.14857563850687622 0.04851537645811241
0 0.5842337917485265 0.26033934252386004 0.2912573673870334 0.11240721102863202
0 0.5596758349705304 0.16463414634146342 0.2244597249508841 0.07343584305408271
0 0.656679764243615 0.17046659597030753 0.1461198428290766 0.05938494167550371
0 0.7084970530451866 0.16489925768822905 0.042485265225933204 0.08244962884411453
0 0.7571218074656189 0.1511134676564157 0.05451866404715128 0.07635206786850478
0 0.7672202303462003 0.1530491194165129 0.062013916443022184 0.06581628733894088
0 0.790416195474735 0.15693055528694036 0.0752299969964531 0.07984270923084635
0 0.8264080256102625 0.16184795705775687 0.07878817253006916 0.08361905358635942
0 0.7659626719056974 0.0516967126193001 0.07220039292730845 0.1033934252386002
0 0.8999563779611672 0.16694314910800526 0.06558924363159487 0.07012285438798523
0 0.9217357770462787 0.1649689976707336 0.07573830778696965 0.08038218699591969
0 0.9482014590032578 0.17129659362707492 0.07218013225335358 0.07660584264040662
0 0.9622252218491505 0.17235569720631894 0.027668645183333496 0.11180026414712768
0 0.9702848722986247 0.1702014846235419 0.059430255402750494 0.07741251325556733
0 0.9122657473610973 0.054306505210957035 0.07726324015851951 0.0820006202911395
0 0.9504163386417745 0.057674886723118685 0.08539621280678472 0.0906322645323121
0 0.933228137096753 0.2926263815381373 0.0842267912507341 0.13035269118944823
0 0.7936617601504302 0.28761193909931765 0.09098763150246697 0.09656651994811824
0 0.27161100196463656 0.9308059384941676 0.1974459724950884 0.1383881230116649
0 0.343811394891945 0.936373276776246 0.1856581532416503 0.12725344644750794
0 0.4056974459724951 0.9358430540827147 0.068762278978389 0.1283138918345705
0 0.4781434184675835 0.9310710498409331 0.0869351669941061 0.1378579003181336
0 0.5397838899803536 0.9477730646871686 0.18271119842829076 0.10445387062566278
0 0.6095284872298625 0.9278897136797455 0.10609037328094302 0.14422057264050903
0 0.6618369351669942 0.9620890774125133 0.13605108055009824 0.07582184517497349
0 0.29755749156460576 0.5211773064659213 0.18909161407216604 0.20068572860726236
0 0.3627506822126051 0.5335336524736226 0.1946830327678483 0.20661998402306864
0 0.42489400811750505 0.5426531318908843 0.16418438533685387 0.17425131811867134
0 0.4906040853834992 0.5558140670104245 0.10744070090411506 0.24100921430563527
0 0.5552484230728856 0.5512032868251248 0.19214147881526533 0.20392259519770212
0 0.6256673912640909 0.5657777018581422 0.16774256087046993 0.17802766247418447
0 0.8349705304518664 0.7680275715800636 0.03683693516699411 0.06601272534464475
0 0.8516699410609038 0.7725344644750796 0.043222003929273084 0.07714740190880169
0 0.8668958742632613 0.774390243902439 0.01792730844793713 0.10577942735949099
0 0.8801571709233792 0.7765111346765642 0.022347740667976426 0.1084305408271474
0 0.8961198428290766 0.777306468716861 0.04518664047151277 0.08059384941675504
0 0.8295677799607073 0.8814952279957582 0.013015717092337918 0.07211028632025451
0 0.8347249508840865 0.8812301166489925 0.023330058939096267 0.041622481442205726
0 0.8408644400785854 0.880965005302227 0.022347740667976426 0.039501590668080594
0 0.8428290766208252 0.6405090137857901 0.04567779960707269 0.08059384941675504
0 0.8578094302554028 0.6426299045599152 0.047151277013752456 0.0835100742311771
0 0.8742632612966601 0.6420996818663839 0.03167976424361493 0.11770943796394485
0 0.8899803536345776 0.6476670201484623 0.04764243614931238 0.08404029692470838
0 0.9037328094302554 0.6497879109225875 0.040520628683693515 0.07237539766702014
0 0.9182220039292731 0.6503181336161188 0.044449901768172886 0.07926829268292683
0 0.9324656188605108 0.6550901378579003 0.026031434184675836 0.12221633085896076
0 0.9474459724950884 0.6556203605514316 0.043222003929273084 0.07714740190880169
0 0.9607072691552063 0.6588016967126193 0.03855599214145383 0.0689289501590668
0 0.9734774066797642 0.661983032873807 0.043222003929273084 0.07714740190880169
0 0.9867387033398821 0.661983032873807 0.026277013752455794 0.11426299045599152
0 0.8460216110019646 0.5233297985153764 0.04567779960707269 0.08138918345705196
0 0.8602652259332023 0.5275715800636267 0.019155206286836934 0.11452810180275716
0 0.87450884086444 0.5307529162248145 0.019646365422396856 0.11664899257688228
0 0.8907170923379175 0.5315482502651113 0.022593320235756387 0.11823966065747614
0 0.9079076620825147 0.5365853658536586 0.021611001964636542 0.12274655355249205
0 0.9204322200392927 0.538441145281018 0.015225933202357564 0.11108165429480382
0 0.9307465618860511 0.5349946977730647 0.016208251473477406 0.10153764581124072
0 0.9442534381139489 0.5418875927889714 0.018909626719056976 0.11532343584305409
0 0.9580058939096268 0.5440084835630965 0.021856581532416503 0.12089077412513255
0 0.9715127701375246 0.5440084835630965 0.02038310412573674 0.12089077412513255