0 0.15962732919254657 0.08995137763371151 0.18944099378881987 0.17605348460291734
0 0.24565217391304348 0.08002431118314425 0.1686335403726708 0.15153970826580226
0 0.3360248447204969 0.0887358184764992 0.18478260869565216 0.16470826580226905
0 0.4062111801242236 0.08650729335494327 0.14409937888198757 0.15559157212317667
0 0.21925465838509317 0.3711507293354943 0.18385093167701863 0.15721231766612642
0 0.3093167701863354 0.34967585089141007 0.10217391304347827 0.20016207455429497
0 0.3739130434782609 0.37763371150729336 0.1636645962732919 0.14404376012965964
0 0.4046583850931677 0.37378444084278767 0.12608695652173912 0.1519448946515397
0 0.5763975155279503 0.15255267423014587 0.05341614906832298 0.07941653160453808
0 0.587888198757764 0.1527552674230146 0.07639751552795031 0.0682739059967585
0 0.6065217391304348 0.15255267423014587 0.11366459627329192 0.0753646677471637
0 0.6301242236024844 0.15437601296596434 0.12701863354037268 0.0763776337115073
0 0.6614906832298136 0.1547811993517018 0.12701863354037268 0.0773905996758509
0 0.6959627329192547 0.15579416531604537 0.058385093167701865 0.12418962722852513
0 0.7732919254658385 0.1549837925445705 0.1251552795031056 0.0753646677471637
0 0.808695652173913 0.1549837925445705 0.1170807453416149 0.07151539708265803
0 0.8428571428571429 0.1578200972447326 0.040683229813664595 0.12013776337115073
0 0.8798136645962733 0.1559967585089141 0.040683229813664595 0.11730145867098865
0 0.9173913043478261 0.15559157212317667 0.05186335403726708 0.12034035656401945
0 0.5559006211180124 0.2872771474878444 0.012422360248447204 0.1094003241491086
0 0.5860248447204969 0.2903160453808752 0.059006211180124224 0.1126418152350081
0 0.6416149068322982 0.2862641815235008 0.061801242236024845 0.10514586709886548
0 0.6850931677018633 0.29213938411669366 0.03850931677018633 0.11142625607779579
0 0.7186335403726708 0.2854538087520259 0.037888198757763975 0.09906807131280389
0 0.7565217391304347 0.2903160453808752 0.03664596273291926 0.10656401944894651
0 0.7962732919254658 0.2913290113452188 0.03850931677018633 0.10757698541329011
0 0.8279503105590063 0.28889789303079416 0.031987577639751553 0.10271474878444084
0 0.8627329192546583 0.2923419773095624 0.040372670807453416 0.11345218800648298
0 0.9201863354037267 0.2903160453808752 0.05093167701863354 0.10676661264181524
0 0.01832298136645963 0.8227309562398704 0.03664596273291926 0.1786871961102107
0 0.061623135768013385 0.8224217994452461 0.06466477365075063 0.19083403442472535
0 0.1269612714315332 0.8264556486172523 0.08130841688812833 0.18906273457691347
0 0.19312984963526564 0.8321243895589235 0.07278992505145175 0.19176700782773293
0 0.11361140614217022 0.6271177542810465 0.06469008227035591 0.1912392208104628
0 0.17612708846599548 0.6116413566218893 0.07194314312677115 0.16827562827277148
0 0.2393751493478956 0.6292300880804794 0.05838926514541962 0.19964439591503697
0 0.2968470185456207 0.6248303003044304 0.07192943198487403 0.1779906707126598
0 0.34753720684591016 0.6195164007609945 0.05086203680172436 0.17848039567858828
0 0.3975372068459102 0.6202755815947151 0.06598504919859959 0.17223318395204404
0 0.4629270165807349 0.6334355552636237 0.07040668748018304 0.1933500300994418
0 0.4979448283528245 0.819313044881398 0.07738135352094093 0.16592938731863865
0 0.4410192081408005 0.8348743199008469 0.057121720500969746 0.19922034789367898
0 0.393525818313812 0.8039381841474973 0.06193144273338645 0.14707390476508192
0 0.3413313385574884 0.7885451393381779 0.07305146590425912 0.11647778662305054
0 0.32546583850931676 0.9809562398703403 0.0484472049689441 0.03808752025931929
0 0.37111801242236025 0.9821717990275527 0.05652173913043478 0.03565640194489465
0 0.6090062111801242 0.7198136142625607 0.05093167701863354 0.04700162074554295
0 0.631055900621118 0.7188006482982172 0.16273291925465838 0.16754457050243113
0 0.6307453416149068 0.7171799027552674 0.14751552795031056 0.13573743922204215
0 0.6409937888198758 0.7188006482982172 0.09316770186335403 0.0856969205834684
0 0.651863354037267 0.7210291734197731 0.17391304347826086 0.15984602917341978
0 0.6624223602484473 0.720421393841167 0.03354037267080745 0.1910453808752026
0 0.6732919254658385 0.7206239870340356 0.1267080745341615 0.1166936790923825
0 0.6807453416149069 0.7169773095623987 0.04503105590062112 0.04153160453808752
0 0.6922360248447205 0.718192868719611 0.016459627329192546 0.0796191247974068
0 0.703416149068323 0.7202188006482982 0.022049689440993787 0.24635332252836303
0 0.712111801242236 0.7212317666126418 0.017080745341614908 0.13999189627228525
0 0.7245341614906833 0.7214343598055105 0.019254658385093167 0.20198541329011346
0 0.7354037267080745 0.721839546191248 0.02391304347826087 0.22285251215559157
0 0.7642857142857142 0.723257698541329 0.014596273291925466 0.08083468395461912
0 0.775776397515528 0.7222447325769854 0.014285714285714285 0.07374392220421394
0 0.7860248447204969 0.7238654781199352 0.02732919254658385 0.30753646677471635
0 0.7953416149068323 0.7382495948136143 0.018633540372670808 0.16308752025931927
0 0.8263975155279503 0.7226499189627229 0.018012422360248446 0.1507293354943274
0 0.8375776397515527 0.7228525121555915 0.01832298136645963 0.1715964343598055
0 0.8459627329192546 0.7264991896272285 0.01832298136645963 0.1715964343598055
0 0.856832298136646 0.7226499189627229 0.013975155279503106 0.07009724473257699
0 0.8677018633540373 0.7230551053484603 0.011490683229813664 0.07982171799027553
0 0.8779503105590062 0.7228525121555915 0.017080745341614908 0.1746353322528363
0 0.8885093167701863 0.7244732576985413 0.011180124223602485 0.0630064829821718
0 0.9195652173913044 0.7287277147487844 0.024844720496894408 0.11932739059967586