0 0.29554263565891475 0.08192923336141533 0.0849483204134367 0.04401853411962932
0 0.2981266149870801 0.09056444818871104 0.47512919896640826 0.06992417860151642
0 0.29844961240310075 0.09751474304970514 0.36724806201550386 0.06002527379949452
0 0.30426356589147285 0.10446503791069923 0.14276485788113696 0.07392586352148273
0 0.311046511627907 0.11183656276326874 0.43669250645994834 0.08445661331086773
0 0.31363049095607237 0.11941870261162595 0.1937984496124031 0.10046335299073295
0 0.31750645994832044 0.12700084245998314 0.3142764857881137 0.06697556866048862
0 0.3142764857881137 0.13289806234203874 0.08010335917312661 0.04149115417017692
0 0.31976744186046513 0.14090143218197135 0.0894702842377261 0.04633529907329402
0 0.32622739018087854 0.14848357203032855 0.24741602067183463 0.12805391743892164
0 0.33042635658914726 0.15438079191238416 0.15633074935400518 0.08087615838247683
0 0.33462532299741604 0.16322662173546756 0.31330749354005166 0.06465880370682392
0 0.33882428940568476 0.17080876158382477 0.22286821705426357 0.11520640269587194
0 0.35012919896640826 0.19102780117944398 0.0849483204134367 0.04401853411962932
0 0.35239018087855295 0.1992417860151643 0.08559431524547803 0.04401853411962932
0 0.3578811369509044 0.2061920808761584 0.46931524547803616 0.07624262847514743
0 0.3817829457364341 0.21040438079191237 0.1650516795865633 0.08550968828980623
0 0.3685400516795866 0.2350463352990733 0.1592377260981912 0.08256107834877843
0 0.3727390180878553 0.2428390901432182 0.1731266149870801 0.08951137320977254
0 0.3808139534883721 0.2481044650379107 0.17797157622739018 0.09245998315080034
0 0.3785529715762274 0.256318449873631 0.07784237726098191 0.040227464195450716
0 0.38275193798449614 0.2641112047177759 0.08365633074935401 0.04338668913226622
0 0.3856589147286822 0.2714827295703454 0.2703488372093023 0.05391743892165122
0 0.3911498708010336 0.2784330244313395 0.09851421188630491 0.02190395956192081
0 0.40729974160206717 0.2999157540016849 0.18766149870801033 0.040859309182813816
0 0.4334625322997416 0.35383319292333615 0.19993540051679587 0.08803706823925864
0 0.6589147286821705 0.06676495366470092 0.09819121447028424 0.13352990732940184
0 0.6327519379844961 0.09835720303285594 0.0458656330749354 0.12257792754844145
0 0.8588501291989664 0.03138163437236731 0.2202842377260982 0.06276326874473462
0 0.8717700258397932 0.038542544229149114 0.2564599483204134 0.07708508845829823
0 0.8989018087855297 0.06718618365627632 0.20219638242894056 0.13437236731255264
0 0.9089147286821705 0.09540859309182814 0.1821705426356589 0.13689974726200504
0 0.9069767441860465 0.13226621735467564 0.18604651162790697 0.15922493681550126
0 0.8982558139534884 0.17438921651221567 0.20348837209302326 0.10193765796124685
0 0.9324935400516796 0.21693344566133108 0.13501291989664083 0.15248525695029486
0 0.6847545219638242 0.20998315080033697 0.14987080103359174 0.15459140690817186
0 0.6734496124031008 0.2548441449031171 0.12726098191214472 0.13732097725358045
0 0.7018733850129198 0.29296545914069083 0.18410852713178294 0.15627632687447346
0 0.7015503875968992 0.33171861836562766 0.1834625322997416 0.14700926705981465
0 0.6996124031007752 0.35383319292333615 0.17958656330749354 0.11204717775905644
0 0.7277131782945736 0.37973883740522324 0.23578811369509045 0.06023588879528222
0 0.9631782945736435 0.35678180286436395 0.07364341085271318 0.10614995787700084
0 0.9305555555555556 0.35593934288121315 0.1388888888888889 0.07413647851727043
0 0.9237726098191215 0.3247683235046335 0.1524547803617571 0.07497893850042123
0 0.047157622739018086 0.5979359730412805 0.0687984496124031 0.06887110362257792
0 0.13468992248062014 0.6821819713563606 0.20736434108527133 0.11352148272957034
0 0.15568475452196381 0.7788542544229149 0.2063953488372093 0.11647009267059814
0 0.18507751937984496 0.874262847514743 0.15956072351421188 0.15290648694187026
0 0.209625322997416 0.9524010109519798 0.2063953488372093 0.08508845829823083
0 0.5064599483204134 0.8890058972198821 0.1560077519379845 0.13416175231676494
0 0.47642118863049093 0.8037068239258636 0.2054263565891473 0.13058129738837404
0 0.4509043927648579 0.7026116259477675 0.1560077519379845 0.14953664700926705
0 0.4160206718346253 0.6095197978096041 0.13695090439276486 0.13142375737152484
0 0.40794573643410853 0.5071609098567817 0.1547157622739018 0.14890480202190395
0 0.8420542635658915 0.4467144060657119 0.1547157622739018 0.07350463352990733
0 0.8359173126614987 0.4420808761583825 0.25032299741602065 0.06444818871103622
0 0.6621447028423773 0.5398062342038753 0.08785529715762273 0.05939342881213142
0 0.6631136950904393 0.5876158382476833 0.08527131782945736 0.09456613310867734
0 0.6863695090439277 0.6461668070766639 0.12241602067183463 0.09456613310867734
0 0.6947674418604651 0.7045071609098568 0.10562015503875968 0.10383319292333615
0 0.7122093023255814 0.7535804549283909 0.14179586563307495 0.08761583824768324
0 0.7206072351421189 0.8121314237573716 0.1101421188630491 0.10888795282224094
0 0.7441860465116279 0.8704717775905645 0.11175710594315245 0.11057287278854254
0 0.8517441860465116 0.5130581297388374 0.229328165374677 0.2064026958719461
0 0.8104005167958657 0.6166807076663858 0.12403100775193798 0.12194608256107835
0 0.8310723514211886 0.676916596461668 0.14857881136950904 0.09625105307497894
0 0.8420542635658915 0.7291491154170177 0.10142118863049096 0.10004212299915755
0 0.8611111111111112 0.7744313395113732 0.10755813953488372 0.10530749789385004
0 0.8701550387596899 0.8226621735467565 0.1111111111111111 0.10951979780960404
0 0.9696382428940569 0.8243470935130581 0.060723514211886306 0.06887110362257792
0 0.9696382428940569 0.77106149957877 0.060723514211886306 0.10235888795282225
0 0.9622093023255814 0.7110362257792755 0.0755813953488372 0.10109519797809605
0 0.9563953488372093 0.6640690817186183 0.08688630490956073 0.09288121314237574
0 0.9492894056847545 0.6221566975568661 0.08753229974160207 0.08614153327716934
0 0.9428294573643411 0.5865627632687447 0.09657622739018087 0.09498736310025274
0 0.8032945736434108 0.9243892165122156 0.08171834625322998 0.08003369839932603
0 0.9560723514211886 0.8807919123841618 0.08785529715762273 0.07224094355518113