0 0.5662337662337662 0.22587719298245615 0.06753246753246753 0.09708931419457735
0 0.5467532467532468 0.3273524720893142 0.10649350649350649 0.09649122807017543
0 0.5237012987012987 0.21710526315789475 0.1366883116883117 0.07675438596491228
0 0.4857142857142857 0.2117224880382775 0.10064935064935066 0.05661881977671451
0 0.4594155844155844 0.20534290271132377 0.09967532467532468 0.0560207336523126
0 0.42694805194805197 0.20514354066985646 0.0711038961038961 0.08393141945773525
0 0.3814935064935065 0.20115629984051037 0.1198051948051948 0.06718500797448165
0 0.3327922077922078 0.19318181818181818 0.08474025974025974 0.08791866028708134
0 0.36233766233766235 0.28688197767145135 0.1327922077922078 0.07456140350877193
0 0.4113636363636364 0.29066985645933013 0.11168831168831168 0.06279904306220095
0 0.45227272727272727 0.2944577352472089 0.10974025974025974 0.06160287081339713
0 0.5016233766233766 0.30701754385964913 0.1237012987012987 0.06957735247208932
0 0.4775974025974026 0.39732854864433814 0.1405844155844156 0.07854864433811802
0 0.16266233766233767 0.2023524720893142 0.29415584415584417 0.16527113237639554
0 0.1603896103896104 0.3369218500797448 0.18961038961038962 0.13556618819776714
0 0.08506493506493507 0.3229665071770335 0.1301948051948052 0.09330143540669857
0 0.8954545454545455 0.16208133971291866 0.16331168831168832 0.2765151515151515
0 0.8324675324675325 0.13118022328548645 0.14935064935064934 0.2374401913875598
0 0.7685064935064935 0.11682615629984051 0.1474025974025974 0.21870015948963317
0 0.7207792207792207 0.09928229665071771 0.11785714285714285 0.18899521531100477
0 0.8175324675324676 0.4692982456140351 0.14642857142857144 0.20075757575757575
0 0.7545454545454545 0.4531499202551834 0.1512987012987013 0.2332535885167464
0 0.7100649350649351 0.4178628389154705 0.06428571428571428 0.2701355661881978
0 0.687987012987013 0.43720095693779903 0.10649350649350649 0.23484848484848486
0 0.5068181818181818 0.8650318979266348 0.18636363636363637 0.1375598086124402
0 0.49707792207792206 0.863835725677831 0.20551948051948052 0.13536682615629983
0 0.49058441558441557 0.8630382775119617 0.2185064935064935 0.13118022328548645
0 0.47824675324675325 0.861244019138756 0.2431818181818182 0.13696172248803828
0 0.4603896103896104 0.8592503987240829 0.237987012987013 0.13237639553429026
0 0.4396103896103896 0.8558612440191388 0.24512987012987014 0.13616427432216907
0 0.42045454545454547 0.8534688995215312 0.10681818181818181 0.19916267942583732
0 0.4012987012987013 0.8512759170653907 0.22987012987012986 0.12779106858054226
0 0.38116883116883116 0.8486842105263158 0.1025974025974026 0.19776714513556617
0 0.36168831168831167 0.8442982456140351 0.2457792207792208 0.13616427432216907
0 0.3422077922077922 0.8419059011164274 0.24902597402597404 0.1383572567783094
0 0.3233766233766234 0.8395135566188198 0.22987012987012986 0.12779106858054226
0 0.30194805194805197 0.8369218500797448 0.2340909090909091 0.12998405103668262
0 0.274025974025974 0.8335326953748007 0.26201298701298703 0.1457336523125997
0 0.1551948051948052 0.7260765550239234 0.25876623376623376 0.14374003189792664
0 0.13474025974025974 0.7240829346092504 0.13084415584415585 0.21291866028708134
0 0.12564935064935065 0.7230861244019139 0.2392857142857143 0.14074960127591707
0 0.11396103896103896 0.7206937799043063 0.2133116883116883 0.1335725677830941
0 0.075 0.7161084529505582 0.14383116883116884 0.2117224880382775
0 0.09188311688311689 0.720494417862839 0.16915584415584414 0.12599681020733652
0 0.04415584415584416 0.7123205741626795 0.08214285714285714 0.2067384370015949
0 0.9243506493506494 0.7884768740031898 0.1512987012987013 0.1375598086124402
0 0.7159090909090909 0.6098484848484849 0.2318181818181818 0.08014354066985646
0 0.687987012987013 0.7344497607655502 0.17597402597402598 0.13157894736842105
0 0.625 0.7328548644338118 0.05 0.13078149920255183