0 0.5294531250000001 0.13857407407407407 0.3219375 0.09196296296296295
0 0.22271875 0.2160277777777778 0.276171875 0.11569444444444445
0 0.52515625 0.2325462962962963 0.321140625 0.08854629629629629
0 0.220203125 0.3166481481481482 0.26084375 0.04687962962962963
0 0.218203125 0.35414814814814816 0.2224375 0.02163888888888889
0 0.20846874999999998 0.38030555555555556 0.20804687500000002 0.023342592592592592
0 0.21970312500000003 0.4110648148148148 0.229875 0.034351851851851856
0 0.22404687499999998 0.4545185185185185 0.23679687500000002 0.04775925925925926
0 0.2183125 0.5029351851851851 0.237875 0.04814814814814815
0 0.47740625000000003 0.45332407407407405 0.245703125 0.054768518518518515
0 0.471109375 0.4058981481481482 0.21925 0.03388888888888889
0 0.467703125 0.36627777777777776 0.22185937500000003 0.04427777777777778
0 0.487046875 0.31712962962962965 0.24753124999999998 0.05092592592592592
0 0.7553124999999999 0.31916666666666665 0.260625 0.05037037037037037
0 0.303890625 0.6619074074074074 0.4104375 0.19469444444444445
0 0.69325 0.6326666666666666 0.32921875 0.12489814814814813
0 0.682015625 0.7264074074074074 0.323484375 0.05798148148148148
0 0.710828125 0.8441759259259259 0.38 0.16211111111111112
0 0.29704687500000004 0.9208148148148149 0.401375 0.1348425925925926
0 0.69684375 0.9604537037037036 0.372859375 0.06287962962962963