0 0.26286279683377306 0.15750213128729754 0.12598944591029024 0.25298380221653877
0 0.2612137203166227 0.2653452685421995 0.11609498680738786 0.24339300937766412
0 0.25065963060686014 0.37894288150042627 0.1579815303430079 0.1837169650468883
0 0.25 0.43265132139812446 0.11642480211081795 0.1344842284739983
0 0.08344327176781002 0.17753623188405798 0.1616094986807388 0.16155157715260018
0 0.08014511873350924 0.29092071611253195 0.15699208443271767 0.15792838874680307
0 0.0728891820580475 0.37404092071611256 0.11213720316622691 0.23550724637681159
0 0.07387862796833773 0.40451832907075874 0.11741424802110818 0.19096334185848252
0 0.8977572559366754 0.1606990622335891 0.20448548812664907 0.17988064791133845
0 0.9040237467018469 0.19970161977834613 0.19195250659630606 0.17178175618073316
0 0.9112796833773087 0.24083546462063085 0.1774406332453826 0.0784313725490196
0 0.8825857519788918 0.273231031543052 0.23482849604221637 0.1926683716965047
0 0.8644459102902374 0.319693094629156 0.2711081794195251 0.08780903665814152
0 0.829155672823219 0.3567774936061381 0.341688654353562 0.08354646206308611
0 0.8980870712401056 0.39940323955669227 0.2038258575197889 0.16027280477408354
0 0.8594986807387863 0.417306052855925 0.28100263852242746 0.16538789428815004
0 0.825197889182058 0.46184995737425405 0.3496042216358839 0.0763000852514919
0 0.8967678100263852 0.4855072463768116 0.20646437994722955 0.028985507246376812
0 0.5115435356200527 0.10059676044330776 0.3634564643799472 0.08525149190110827
0 0.5062664907651715 0.13022165387894288 0.3529023746701847 0.08056265984654731
0 0.5223062024105997 0.16863164656536356 0.3082710941295391 0.06635026559024007
0 0.5013192612137203 0.19053708439897699 0.34300791556728233 0.08269394714407502
0 0.4983509234828496 0.22250639386189258 0.3370712401055409 0.0733162830349531
0 0.49505277044854884 0.2615089514066496 0.33047493403693934 0.07885763000852515
0 0.4910949868073879 0.29198635976129583 0.32255936675461744 0.08269394714407502
0 0.487467018469657 0.3284313725490196 0.3153034300791557 0.06947996589940324
0 0.48186015831134565 0.39194373401534527 0.30408970976253297 0.08397271952259165
0 0.4779023746701847 0.4288150042625746 0.29617414248021107 0.08013640238704177
0 0.47493403693931396 0.4595055413469736 0.29023746701846964 0.07502131287297528
0 0.47064643799472294 0.4761295822676897 0.2816622691292876 0.04774083546462063
0 0.16490765171503957 0.5166240409207161 0.32981530343007914 0.03324808184143223
0 0.16490765171503957 0.5379369138959932 0.32981530343007914 0.07587382779198636
0 0.16490765171503957 0.5758738277919864 0.32981530343007914 0.10485933503836317
0 0.16490765171503957 0.6568627450980392 0.32981530343007914 0.10144927536231885
0 0.16490765171503957 0.6888320545609549 0.32981530343007914 0.07075873827791987
0 0.1629287598944591 0.7046035805626598 0.3258575197889182 0.06820119352088662
0 0.1616094986807388 0.7210144927536232 0.3232189973614776 0.06947996589940324
0 0.15930079155672824 0.7361466325660699 0.3186015831134565 0.06905370843989769
0 0.15864116094986808 0.7517050298380221 0.31728232189973615 0.06947996589940324
0 0.1566622691292876 0.7668371696504689 0.3133245382585752 0.06820119352088662
0 0.18843214422271573 0.7981333259422843 0.2535135784528657 0.03999936559837509
0 0.9281002638522428 0.574381926683717 0.1437994722955145 0.14876385336743392
0 0.8918205804749341 0.5820545609548167 0.21635883905013192 0.09249786871270248
0 0.8898416886543535 0.6259590792838875 0.22031662269129287 0.09249786871270248
0 0.8839050131926122 0.6690110826939472 0.23218997361477572 0.08994032395566923
0 0.8812664907651715 0.7065217391304348 0.23746701846965698 0.08056265984654731
0 0.8786279683377308 0.7365728900255755 0.24274406332453827 0.07587382779198636
0 0.8746701846965699 0.7653452685421995 0.25065963060686014 0.07800511508951406
0 0.8723614775725593 0.7939045183290707 0.2552770448548813 0.08226768968456948
0 0.8697229551451188 0.8233162830349531 0.2605540897097625 0.08312020460358056
0 0.8654353562005277 0.8589087809036658 0.2691292875989446 0.09292412617220801
0 0.8611477572559367 0.90153452685422 0.27770448548812665 0.0937766410912191
0 0.8562005277044855 0.9384057971014492 0.287598944591029 0.08567774936061381
0 0.8522427440633246 0.9654731457800512 0.2955145118733509 0.06905370843989769
0 0.6312664907651715 0.5110826939471441 0.2532981530343008 0.02216538789428815