0 0.17525125628140703 0.2678132678132678 0.07914572864321608 0.07575757575757576
0 0.21105527638190955 0.26371826371826373 0.06564070351758794 0.13431613431613432
0 0.24371859296482412 0.2622850122850123 0.04805276381909548 0.12571662571662573
0 0.27292713567839194 0.2606470106470106 0.03988693467336683 0.12633087633087633
0 0.3068467336683417 0.26003276003276005 0.09798994974874371 0.09418509418509419
0 0.1717964824120603 0.13308763308763308 0.0571608040201005 0.054873054873054876
0 0.18310301507537688 0.13411138411138412 0.02386934673366834 0.08067158067158067
0 0.19660804020100503 0.1345208845208845 0.017902010050251257 0.07391482391482392
0 0.18216080402010051 0.41994266994266993 0.09547738693467336 0.0907043407043407
0 0.21482412060301506 0.4176904176904177 0.05119346733668342 0.13718263718263718
0 0.2496859296482412 0.4191236691236691 0.10238693467336683 0.09828009828009827
0 0.28423366834170855 0.4133906633906634 0.061243718592964826 0.14312039312039312
0 0.314070351758794 0.41175266175266173 0.09013819095477386 0.0866093366093366
0 0.34516331658291455 0.411957411957412 0.09798994974874371 0.09418509418509419
0 0.37594221105527637 0.407043407043407 0.10144472361809045 0.09746109746109746
0 0.40891959798994976 0.40683865683865683 0.06155778894472362 0.13574938574938575
0 0.4371859296482412 0.4037674037674038 0.08668341708542714 0.08333333333333333
0 0.4648241206030151 0.4009009009009009 0.10081658291457286 0.09664209664209664
0 0.49277638190954776 0.4013104013104013 0.08542713567839195 0.08558558558558559
0 0.17870603015075376 0.5497542997542998 0.05025125628140704 0.12100737100737101
0 0.21011306532663315 0.5466830466830467 0.08417085427135679 0.08230958230958231
0 0.24120603015075376 0.5438165438165438 0.09108040201005026 0.0866093366093366
0 0.27638190954773867 0.5423832923832924 0.054334170854271356 0.12346437346437346
0 0.31344221105527637 0.5368550368550369 0.09641959798994974 0.09316134316134315
0 0.3417085427135678 0.5384930384930385 0.08605527638190955 0.08251433251433252
0 0.36275125628140703 0.5432022932022932 0.07569095477386935 0.0733005733005733
0 0.39321608040201006 0.535012285012285 0.08071608040201005 0.07821457821457821
0 0.4221105527638191 0.5305077805077805 0.052135678391959796 0.12837837837837837
0 0.45194723618090454 0.5305077805077805 0.09108040201005026 0.0866093366093366
0 0.5829145728643216 0.4522932022932023 0.04648241206030151 0.12653562653562653
0 0.6077261306532663 0.45045045045045046 0.09610552763819095 0.12366912366912367
0 0.6378768844221105 0.44676494676494677 0.1564070351758794 0.1285831285831286
0 0.6808791939394256 0.44739404292263296 0.13348207663641284 0.19709076950835788
0 0.7480822948852771 0.4493891573634026 0.21726823444650384 0.13736958811528166
0 0.6638167214885787 0.2478453845081994 0.2065336807403578 0.13021743723411197
0 0.7268315758341345 0.22866563010473698 0.17979792918820797 0.11336081105493889
0 0.7912969855478933 0.2425660445334658 0.1060610597691307 0.20515409208381516
0 0.8494159092843312 0.23492379306588831 0.1925376642607653 0.1217772088995465
0 0.9007057914526478 0.22659360847407808 0.1911203705125857 0.12011537677158711
0 0.9503768844221105 0.2244062244062244 0.0992462311557789 0.17772317772317772
0 0.9544597989949749 0.23382473382473382 0.09108040201005026 0.1375921375921376
0 0.9786432160804021 0.41932841932841936 0.04271356783919598 0.12366912366912367
0 0.948178391959799 0.43775593775593774 0.10364321608040201 0.1294021294021294
0 0.9362437185929648 0.4090909090909091 0.12751256281407036 0.09828009828009827
0 0.8974454065565907 0.396894351263952 0.09474897993845244 0.12196593273033758
0 0.8850502512562815 0.6296068796068796 0.135678391959799 0.08067158067158067
0 0.9321608040201005 0.6203931203931204 0.07160804020100503 0.0990990990990991
0 0.9720477386934674 0.6191646191646192 0.055904522613065326 0.10155610155610155
0 0.026067839195979898 0.8685503685503686 0.052135678391959796 0.15642915642915642
0 0.0986180904522613 0.868959868959869 0.1972361809045226 0.19164619164619165
0 0.1656396647096661 0.8624904328387907 0.3128082931601536 0.19722252629632483
0 0.2947829589104597 0.8594275993813725 0.3154818683153687 0.19890818891424217
0 0.4240025414002434 0.8492104240026762 0.2706592313802314 0.170263839654627
0 0.5087939698492462 0.8538083538083538 0.10175879396984924 0.27354627354627353
0 0.6077261306532663 0.7164209664209664 0.09610552763819095 0.09295659295659296
0 0.6545226130653267 0.7248157248157249 0.13190954773869346 0.10974610974610975
0 0.7650753768844221 0.7221539721539721 0.14949748743718594 0.10442260442260443