0 0.4243421052631579 0.18445121951219512 0.07894736842105263 0.07215447154471545
0 0.3832236842105263 0.17886178861788618 0.12927631578947368 0.06605691056910569
0 0.34539473684210525 0.17505081300813008 0.07269736842105264 0.08384146341463415
0 0.31085526315789475 0.1714939024390244 0.12401315789473684 0.06351626016260163
0 0.2710526315789474 0.1681910569105691 0.13355263157894737 0.06834349593495935
0 0.48092105263157897 0.09705284552845528 0.07598684210526316 0.038871951219512195
0 0.4667763157894737 0.09679878048780488 0.04967105263157895 0.054115853658536585
0 0.45098684210526313 0.09578252032520325 0.046052631578947366 0.05030487804878049
0 0.35723684210526313 0.28277439024390244 0.1444078947368421 0.07317073170731707
0 0.3194078947368421 0.2787093495934959 0.09309210526315789 0.09375
0 0.27730263157894736 0.2766768292682927 0.1411184210526316 0.07215447154471545
0 0.2388157894736842 0.2700711382113821 0.10559210526315789 0.09806910569105691
0 0.20394736842105263 0.266260162601626 0.12730263157894736 0.06504065040650407
0 0.16710526315789473 0.26397357723577236 0.09210526315789473 0.09476626016260163
0 0.1319078947368421 0.2578760162601626 0.1006578947368421 0.09857723577235772
0 0.09342105263157895 0.2550813008130081 0.1368421052631579 0.0703760162601626
0 0.060526315789473685 0.2507621951219512 0.11348684210526316 0.057926829268292686
0 0.05098684210526316 0.2464430894308943 0.10197368421052631 0.07444105691056911
0 0.030592105263157896 0.24441056910569106 0.06118421052631579 0.06859756097560976
0 0.30657894736842106 0.37347560975609756 0.1013157894736842 0.09603658536585366
0 0.2713815789473684 0.3678861788617886 0.08782894736842105 0.09247967479674797
0 0.23585526315789473 0.3630589430894309 0.13157894736842105 0.06732723577235772
0 0.19407894736842105 0.360010162601626 0.09638157894736842 0.09578252032520325
0 0.15164473684210528 0.35365853658536583 0.09703947368421052 0.09959349593495935
0 0.12006578947368421 0.35035569105691056 0.12960526315789472 0.0665650406504065
0 0.09243421052631579 0.3516260162601626 0.11644736842105263 0.05970528455284553
0 0.06414473684210527 0.3440040650406504 0.12828947368421054 0.06986788617886179
0 0.049342105263157895 0.3404471544715447 0.09868421052631579 0.07545731707317073
0 0.019736842105263157 0.3384146341463415 0.039473684210526314 0.09908536585365854
0 0.7578947368421053 0.09984756097560976 0.11578947368421053 0.19969512195121952
0 0.7634868421052632 0.12627032520325204 0.12697368421052632 0.2525406504065041
0 0.42664473684210524 0.7314532520325203 0.20888157894736842 0.5228658536585366
0 0.36447368421052634 0.7248475609756098 0.40460526315789475 0.422510162601626
0 0.30394736842105263 0.7238313008130082 0.18355263157894736 0.5279471544715447
0 0.26348684210526313 0.7002032520325203 0.44901315789473684 0.4806910569105691
0 0.21052631578947367 0.6849593495934959 0.31776315789473686 0.3823678861788618
0 0.975 0.7446646341463414 0.05 0.1133130081300813
0 0.969078947368421 0.7411077235772358 0.06184210526315789 0.10518292682926829
0 0.9398026315789474 0.735010162601626 0.12039473684210526 0.08892276422764228
0 0.8941943294915374 0.7265185607393803 0.08682821793178254 0.10671104292009405
0 0.9338815789473685 0.845020325203252 0.13223684210526315 0.09959349593495935
0 0.7989875005289129 0.7135947266664372 0.06769556708646261 0.10594569897552181
0 0.7697917399547873 0.7132272217829543 0.12239489276342726 0.08892391827624663
0 0.7375 0.7042682926829268 0.075 0.11077235772357724
0 0.725328947368421 0.7017276422764228 0.0506578947368421 0.10772357723577236
0 0.7282894736842105 0.7014735772357723 0.056578947368421055 0.0858739837398374
0 0.7519736842105263 0.8191056910569106 0.10394736842105264 0.08231707317073171
0 0.7348684210526316 0.8114837398373984 0.06973684210526315 0.10569105691056911
0 0.7951805744104877 0.5911074828430986 0.15868640166421108 0.11529089404420363
0 0.9588815789473685 0.6110264227642277 0.08223684210526316 0.12144308943089431