0 0.45238920947758043 0.39593212352382867 0.08437880708886279 0.1905474366725577
0 0.39496341071709234 0.39958551824593247 0.19906552674663527 0.20081877222835054
0 0.30169304471945363 0.3959922720200807 0.08372126992008419 0.25100334341367536
0 0.03364817001180637 0.380126953125 0.06729634002361275 0.16162109375
0 0.4247343565525384 0.120849609375 0.15053128689492326 0.18798828125
0 0.39657590559341427 0.13226825384872665 0.059037800065801026 0.253954426695411
0 0.3782897634791023 0.13107496859238865 0.17399635473619315 0.14815127713952725
0 0.36166465910573226 0.13385615953021235 0.04242643551436461 0.25038796138323494
0 0.34512199366396396 0.13370766296803605 0.05038862224174232 0.23996416278932298
0 0.32855184857832836 0.13453572890585985 0.1667201719634791 0.14104243486288026
0 0.31209162206816177 0.1314575448436836 0.17273327826031754 0.14517610551008597
0 0.2962491939739994 0.12742554034622794 0.17155264071604362 0.1451306213806448
0 0.2784984113440899 0.12820812215461053 0.0388295635938085 0.24829838399491133
0 0.2654976585351433 0.12819607798075772 0.17638510946860828 0.14921880789840958
0 0.2478293148368355 0.12604897228914036 0.1630958203990555 0.13797629497455666
0 0.23062763151326213 0.12831913991224353 0.16795576879548751 0.14304104399232132
0 0.21532056290350218 0.1262630024795084 0.03515025274165055 0.24327911910658795
0 0.19569067296340023 0.12646484375 0.05726092089728453 0.2529296875
0 0.12809078284656922 0.11801436440086255 0.21021239073656053 0.17783611352276196
0 0.07290436835891381 0.11572265625 0.14580873671782763 0.1826171875
0 0.6507910294178271 0.2930879540150606 0.06911690651297438 0.360672643972058
0 0.6251475796930342 0.2919921875 0.2502951593860685 0.2216796875
0 0.6065525383707202 0.29345703125 0.21310507674144039 0.2080078125
0 0.5616666346470806 0.28916562099225285 0.06447679526748032 0.36342039495429335
0 0.5799881936245572 0.284912109375 0.15997638724911453 0.21142578125
0 0.5681818181818182 0.29052734375 0.13636363636363635 0.203125
0 0.5563754427390791 0.28955078125 0.1127508854781582 0.1962890625
0 0.5106257378984652 0.04541015625 0.021251475796930343 0.0908203125
0 0.5262691853600945 0.044921875 0.03010625737898465 0.08984375
0 0.5457497048406139 0.045654296875 0.027744982290436836 0.09130859375
0 0.5640495867768595 0.0458984375 0.026564344746162927 0.091796875
0 0.5858913813459268 0.048828125 0.03128689492325856 0.09765625
0 0.6047815820543093 0.04541015625 0.023022432113341203 0.0908203125
0 0.6283943329397875 0.049072265625 0.026564344746162927 0.09814453125
0 0.6576151121605667 0.04931640625 0.04604486422668241 0.0986328125
0 0.7429161747343566 0.048095703125 0.032467532467532464 0.09619140625
0 0.7647579693034239 0.048583984375 0.02538370720188902 0.09716796875
0 0.7851239669421488 0.051025390625 0.02715466351829988 0.10205078125
0 0.8025383707201889 0.05224609375 0.03128689492325856 0.1044921875
0 0.8267414403778041 0.05322265625 0.02538370720188902 0.1064453125
0 0.8474025974025974 0.05224609375 0.026564344746162927 0.1044921875
0 0.8668831168831169 0.0517578125 0.027744982290436836 0.103515625
0 0.8863636363636364 0.052490234375 0.026564344746162927 0.10498046875
0 0.9070247933884298 0.053466796875 0.03010625737898465 0.10693359375
0 0.9276859504132231 0.05322265625 0.024203069657615112 0.1064453125
0 0.9465761511216056 0.05322265625 0.027744982290436836 0.1064453125
0 0.9701889020070839 0.055908203125 0.027744982290436836 0.11181640625
0 0.987603305785124 0.0556640625 0.024793388429752067 0.111328125
0 0.4614493881152824 0.800340761795966 0.07423643081311836 0.31209468168398447
0 0.3838840519924697 0.80566233256757 0.2258771882876036 0.21063122764077646
0 0.32800324284300114 0.7859123403867545 0.26822949541120295 0.22787091423593786
0 0.26125600212572436 0.784807330823329 0.10640267434012865 0.34455001111417527
0 0.18728704435245924 0.809331064797977 0.215017379845258 0.18094773754052662
0 0.12721369539551358 0.763916015625 0.25442739079102716 0.23291015625
0 0.08175914994096813 0.784423828125 0.16351829988193625 0.20263671875
0 0.6318103260225104 0.9097230216063596 0.1521952860619179 0.1278013128095863
0 0.5763341012635704 0.907096986272625 0.15222276570578522 0.1287778753095863
0 0.5318772136953955 0.899658203125 0.06375442739079103 0.19482421875
0 0.5197756788665879 0.90234375 0.03955135773317592 0.138671875
0 0.6344370998668764 0.7113671237827567 0.1425578282006559 0.12060150227405697
0 0.5817888105712185 0.713249330022625 0.1485984141413618 0.1257117354212629
0 0.5304014167650531 0.71240234375 0.06080283353010626 0.1962890625