0 0.06864754098360656 0.24846311475409835 0.13729508196721313 0.14805327868852458
0 0.10835040983606557 0.24385245901639344 0.19569672131147542 0.12064549180327869
0 0.39728483606557374 0.22950819672131148 0.12628073770491804 0.1757172131147541
0 0.4293032786885246 0.22515368852459017 0.21106557377049182 0.13012295081967212
0 0.5089651639344263 0.22438524590163936 0.21157786885245902 0.13473360655737704
0 0.5560963114754098 0.2184938524590164 0.11296106557377049 0.11039959016393443
0 0.0627561475409836 0.42751024590163933 0.1255122950819672 0.1293545081967213
0 0.06659836065573771 0.4188012295081967 0.09810450819672131 0.1675204918032787
0 0.08709016393442623 0.4180327868852459 0.17418032786885246 0.11270491803278689
0 0.09682377049180328 0.41521516393442626 0.17674180327868852 0.109375
0 0.11116803278688525 0.4139344262295082 0.1677766393442623 0.10348360655737705
0 0.1252561475409836 0.41239754098360654 0.09221311475409837 0.1600922131147541
0 0.1401127049180328 0.41290983606557374 0.18160860655737704 0.11193647540983606
0 0.15471311475409835 0.4144467213114754 0.1754610655737705 0.10809426229508197
0 0.17008196721311475 0.41265368852459017 0.17930327868852458 0.11039959016393443
0 0.18135245901639344 0.41162909836065575 0.18545081967213115 0.11424180327868852
0 0.19723360655737704 0.41162909836065575 0.18929303278688525 0.11654713114754098
0 0.21183401639344263 0.40906762295081966 0.08068647540983606 0.16214139344262296
0 0.22540983606557377 0.4093237704918033 0.1728995901639344 0.10706967213114754
0 0.24308401639344263 0.4103483606557377 0.1016905737704918 0.171875
0 0.30251024590163933 0.40804303278688525 0.1362704918032787 0.1708504098360656
0 0.3824282786885246 0.4026639344262295 0.14369877049180327 0.16726434426229508
0 0.46746926229508196 0.399077868852459 0.16239754098360656 0.18493852459016394
0 0.5294569672131147 0.390625 0.1677766393442623 0.12756147540983606
0 0.5893954918032787 0.39241803278688525 0.05199795081967213 0.16675204918032788
0 0.7815061475409836 0.2021004098360656 0.2832991803278688 0.4042008196721312
0 0.8675717213114754 0.22131147540983606 0.26485655737704916 0.4426229508196721
0 0.8972848360655737 0.17520491803278687 0.20543032786885246 0.35040983606557374
0 0.9618340163934426 0.1606045081967213 0.07633196721311475 0.3212090163934426
0 0.16928090416077857 0.8285787063708 0.13963812235364118 0.14351536105814572
0 0.23734576187663872 0.8207581382163546 0.101990233630262 0.17461912389819204
0 0.29732238046029763 0.8151070096542582 0.13640326237633688 0.14019068087919245
0 0.36234031593193816 0.8065232367306956 0.10751590816368697 0.1827217329396167
0 0.42510770921883323 0.8016144037971206 0.1450295556491487 0.1490564946897343
0 0.22105532786885246 0.961577868852459 0.21157786885245902 0.07684426229508197
0 0.36424180327868855 0.9369877049180327 0.22848360655737704 0.1260245901639344
0 0.514344262295082 0.9328893442622951 0.2510245901639344 0.13422131147540983
0 0.7334447877979363 0.8318096124776142 0.06891019603882177 0.15661571972410163
0 0.7534790816787648 0.8373036476994385 0.1186115325011625 0.12190493989495005
0 0.788422131147541 0.8916495901639344 0.24487704918032788 0.21670081967213115
0 0.8396516393442623 0.8926741803278688 0.2797131147540984 0.2146516393442623
0 0.8842213114754098 0.8621926229508197 0.10450819672131148 0.27561475409836067
0 0.9039446721311475 0.8837090163934426 0.19211065573770492 0.23258196721311475
0 0.9474897540983607 0.8547643442622951 0.10502049180327869 0.29047131147540983
0 0.9508196721311475 0.8245389344262295 0.09836065573770492 0.17981557377049182