0 0.30124223602484473 0.0830078125 0.4076086956521739 0.087890625
0 0.3059006211180124 0.1572265625 0.44798136645962733 0.06103515625
0 0.296583850931677 0.2490234375 0.40372670807453415 0.107421875
0 0.296583850931677 0.3427734375 0.3920807453416149 0.04931640625
0 0.30124223602484473 0.61474609375 0.41304347826086957 0.029296875
0 0.2950310559006211 0.6455078125 0.4355590062111801 0.02880859375
0 0.30434782608695654 0.72412109375 0.44254658385093165 0.0322265625
0 0.296583850931677 0.80615234375 0.42624223602484473 0.02880859375
0 0.29270186335403725 0.8291015625 0.44332298136645965 0.0234375
0 0.7406832298136646 0.21630859375 0.38742236024844723 0.1025390625
0 0.7212732919254659 0.2705078125 0.40139751552795033 0.01708984375
0 0.7220496894409938 0.28564453125 0.3944099378881988 0.0087890625
0 0.7166149068322981 0.29931640625 0.3967391304347826 0.01220703125
0 0.7158385093167702 0.31298828125 0.38198757763975155 0.01171875
0 0.7135093167701864 0.32666015625 0.38664596273291924 0.01123046875
0 0.717391304347826 0.34033203125 0.3812111801242236 0.0146484375
0 0.7228260869565217 0.353515625 0.40139751552795033 0.0146484375
0 0.7204968944099379 0.3681640625 0.39285714285714285 0.01416015625
0 0.71972049689441 0.37890625 0.3982919254658385 0.01123046875
0 0.7220496894409938 0.3935546875 0.3982919254658385 0.01318359375
0 0.717391304347826 0.40771484375 0.39596273291925466 0.01025390625
0 0.71972049689441 0.42041015625 0.38509316770186336 0.0126953125
0 0.7251552795031055 0.4365234375 0.41304347826086957 0.02294921875
0 0.7274844720496895 0.49267578125 0.39285714285714285 0.0634765625
0 0.7251552795031055 0.56787109375 0.3812111801242236 0.07763671875
0 0.7282608695652174 0.64794921875 0.41537267080745344 0.0751953125
0 0.7212732919254659 0.72802734375 0.37577639751552794 0.06689453125
0 0.734472049689441 0.8056640625 0.4045031055900621 0.0703125
0 0.7228260869565217 0.8974609375 0.3245341614906832 0.10400390625
0 0.28959627329192544 0.89794921875 0.43245341614906835 0.08447265625