0 0.28579676674364896 0.4480651731160896 0.02771362586605081 0.04480651731160896
0 0.20178983833718245 0.40043431208068153 0.06986143187066975 0.15301463361347273
0 0.11027713625866051 0.40660125656938045 0.06986143187066975 0.15046880876622223
0 0.025115473441108545 0.40605906313645623 0.05023094688221709 0.15122199592668026
0 0.02569284064665127 0.17158859470468432 0.05138568129330254 0.14358452138492872
0 0.1125866050808314 0.1682527901167562 0.11547344110854503 0.10530519635830102
0 0.20409930715935334 0.17328747495595948 0.05484988452655889 0.12717119026611967
0 0.26876443418013857 0.1560590631364562 0.0617782909930716 0.10845213849287169
0 0.9797921478060047 0.4271894093686354 0.04041570438799076 0.14562118126272913
0 0.9359122401847575 0.4310081466395112 0.03810623556581986 0.1379837067209776
0 0.8825057736720554 0.4320264765784114 0.05715935334872979 0.13594704684317718
0 0.8247690531177829 0.43279022403258655 0.05254041570438799 0.13441955193482688
0 0.7404734411085451 0.4317718940936864 0.11143187066974596 0.1364562118126273
0 0.6558891454965358 0.4345723014256619 0.05196304849884527 0.13085539714867617
0 0.6073903002309469 0.4332993890020367 0.03579676674364896 0.1334012219959267
0 0.5609122401847575 0.4340631364562118 0.05254041570438799 0.1318737270875764
0 0.5002886836027713 0.43380855397148677 0.06293302540415704 0.13238289205702647
0 0.4359122401847575 0.43686354378818737 0.06466512702078522 0.12627291242362526
0 0.9907621247113164 0.25 0.018475750577367205 0.19144602851323828
0 0.9515011547344111 0.2514401052471591 0.05196304849884527 0.19481605526551243
0 0.8978060046189377 0.25383624762301554 0.04907621247113164 0.19015949460299084
0 0.8458429561200924 0.25516961449748926 0.04907621247113164 0.19525114429749185
0 0.7909930715935335 0.25632247482470866 0.053117782909930716 0.19484568564050067
0 0.690242494226328 0.2586531425577133 0.06235565819861432 0.19253690379315666
0 0.6371247113163973 0.2592523923530002 0.037528868360277134 0.19393651060870848
0 0.5946882217090069 0.2621233860268958 0.037528868360277134 0.18578987109750694
0 0.5513856812933026 0.26425285502785745 0.03926096997690531 0.18481598672108912
0 0.19543879907621248 0.7438900203665988 0.04561200923787529 0.48778004073319753
0 0.16628175519630484 0.744653767820774 0.03233256351039261 0.4893075356415479
0 0.14001154734411086 0.7456720977596741 0.037528868360277134 0.49134419551934827
0 0.1111431870669746 0.7466904276985743 0.033198614318706694 0.49338085539714865
0 0.09786374133949191 0.7535641547861507 0.10508083140877598 0.33223014256619143
0 0.9783487297921478 0.8268839103869654 0.04330254041570439 0.13441955193482688
0 0.9367782909930716 0.8284114052953157 0.06755196304849885 0.13314663951120162
0 0.9656466512702079 0.6359470468431772 0.0687066974595843 0.06288187372708758
0 0.9341801385681293 0.6369653767820774 0.13163972286374134 0.06109979633401222
0 0.8596997690531177 0.8492871690427699 0.0687066974595843 0.09292260692464359
0 0.8025404157043879 0.8508146639511202 0.14087759815242495 0.06313645621181263
0 0.7514434180138568 0.8513238289205702 0.06033487297921478 0.09164969450101833
0 0.6960161662817552 0.8520875763747454 0.1434757505773672 0.06466395112016293
0 0.6327944572748267 0.8531059063136456 0.0687066974595843 0.09114052953156823
0 0.8034064665127021 0.744653767820774 0.059468822170900694 0.09597759674134419
0 0.7407621247113164 0.744908350305499 0.053983833718244806 0.0975050916496945
0 0.6864896073903002 0.7461812627291242 0.04763279445727483 0.09572301425661914
0 0.8495958429561201 0.6372199592668024 0.07217090069284064 0.0939409368635438
0 0.7814665127020786 0.6382382892057027 0.049364896073903 0.09419551934826884
0 0.7321016166281755 0.6390020366598778 0.0401270207852194 0.09445010183299389
0 0.6746535796766744 0.639511201629328 0.062066974595842955 0.09445010183299389
0 0.6140300230946882 0.6412932790224033 0.04561200923787529 0.09623217922606925
0 0.45958429561200925 0.8284114052953157 0.049364896073903 0.14485743380855398
0 0.4122401847575058 0.8281568228105907 0.0401270207852194 0.14613034623217921
0 0.3646073903002309 0.8294297352342159 0.049364896073903 0.14511201629327902
0 0.3178406466512702 0.8304480651731161 0.036374133949191687 0.14358452138492872
0 0.5447459584295612 0.675152749490835 0.06033487297921478 0.13721995926680244
0 0.48354503464203236 0.675152749490835 0.049364896073903 0.13721995926680244
0 0.4304272517321016 0.6771894093686355 0.04676674364896074 0.13518329938900203
0 0.3787528868360277 0.6769348268839104 0.0447459584295612 0.13671079429735233
0 0.30889145496535797 0.6769348268839104 0.018187066974595843 0.1318737270875764