0 0.1746376811594203 0.015380313199105145 0.04963768115942029 0.03076062639821029
0 0.2536231884057971 0.10011185682326622 0.09710144927536232 0.20022371364653244
0 0.336231884057971 0.09815436241610738 0.11594202898550725 0.16359060402684564
0 0.41884057971014493 0.11437360178970918 0.08804347826086957 0.21476510067114093
0 0.4528985507246377 0.12192393736017897 0.03333333333333333 0.1342281879194631
0 0.4391304347826087 0.46057046979865773 0.06086956521739131 0.14457494407158836
0 0.3967391304347826 0.4451901565995526 0.12971014492753624 0.18288590604026847
0 0.30978260869565216 0.433165548098434 0.12028985507246377 0.17030201342281878
0 0.2289855072463768 0.409675615212528 0.08297101449275363 0.19966442953020133
0 0.1427536231884058 0.4175055928411633 0.08333333333333333 0.23517897091722595
0 0.1108695652173913 0.8719239373601789 0.09818840579710145 0.11409395973154363
0 0.1532608695652174 0.8733221476510067 0.1246376811594203 0.11689038031319911
0 0.20615942028985507 0.8755592841163311 0.186231884057971 0.07829977628635347
0 0.3079710144927536 0.8797539149888143 0.11594202898550725 0.11661073825503356
0 0.35833333333333334 0.883668903803132 0.20471014492753623 0.08473154362416108
0 0.3894927536231884 0.8850671140939598 0.15978260869565217 0.08585011185682327
0 0.5340579710144927 0.7712527964205816 0.1 0.09200223713646533
0 0.5771739130434783 0.7732102908277405 0.09782608695652174 0.09116331096196868
0 0.6148550724637681 0.7743288590604027 0.16666666666666666 0.062360178970917224
0 0.6518115942028986 0.7768456375838926 0.09384057971014492 0.09256152125279642
0 0.6927536231884058 0.7788031319910514 0.1855072463768116 0.06851230425055928
0 0.7358695652173913 0.7807606263982103 0.18731884057971016 0.06935123042505593
0 0.8344202898550724 0.7832774049217002 0.18115942028985507 0.06767337807606263
0 0.8771739130434782 0.7849552572706935 0.17282608695652174 0.06375838926174497
0 0.9213768115942029 0.7874720357941835 0.11775362318840579 0.09368008948545861
0 0.9568840579710145 0.7880313199105146 0.08623188405797101 0.09060402684563758
0 0.9815217391304348 0.7905480984340044 0.03695652173913044 0.08892617449664429
0 0.5307971014492754 0.8733221476510067 0.07934782608695652 0.087248322147651
0 0.5807971014492753 0.8780760626398211 0.11340579710144928 0.09060402684563758
0 0.6521739130434783 0.8772371364653244 0.1144927536231884 0.08473154362416108
0 0.7057971014492753 0.8831096196868009 0.08731884057971015 0.08808724832214765
0 0.7489130434782608 0.8794742729306487 0.0822463768115942 0.07829977628635347
0 0.7960144927536232 0.8850671140939598 0.08297101449275363 0.08417225950782997
0 0.8460144927536232 0.8873042505592841 0.08514492753623189 0.08501118568232663
0 0.8865942028985507 0.886744966442953 0.07644927536231884 0.08053691275167785
0 0.9300724637681159 0.8906599552572707 0.08949275362318841 0.0894854586129754
0 0.9760869565217392 0.8912192393736018 0.04782608695652174 0.08361297539149888