0 0.05063291139240506 0.10010214504596528 0.10126582278481013 0.20020429009193055
0 0.08702531645569621 0.03983656792645557 0.1339662447257384 0.07967313585291114
0 0.11023206751054852 0.027068437180796732 0.22046413502109705 0.054136874361593465
0 0.051160337552742616 0.17134831460674158 0.10232067510548523 0.16700715015321757
0 0.06223628691983123 0.17568947906026558 0.12447257383966245 0.16547497446373852
0 0.2289029535864979 0.03268641470888662 0.2552742616033755 0.06537282941777324
0 0.17867015902974448 0.17917750626280823 0.2781020731545004 0.1365856601449701
0 0.29641350210970463 0.030643513789581207 0.24050632911392406 0.06128702757916241
0 0.31962025316455694 0.043922369765066395 0.13291139240506328 0.08784473953013279
0 0.33755274261603374 0.0329417773237998 0.24050632911392406 0.0658835546475996
0 0.3575949367088608 0.032175689479060264 0.23628691983122363 0.06435137895812053
0 0.3771097046413502 0.0339632277834525 0.2478902953586498 0.067926455566905
0 0.25171899366784733 0.18456605114546254 0.24405854565752788 0.11992342321658506
0 0.2715934552818447 0.1860376853256313 0.24965253497779935 0.1221897374748229
0 0.29094049073550454 0.18753166083969328 0.26108030940601423 0.12825454168077752
0 0.30907281001004133 0.18804886856188907 0.2712134357258821 0.13274248752946674
0 0.32866750987175475 0.1877329644376656 0.1480852131676713 0.17623145878727334
0 0.5938818565400844 0.131511746680286 0.06962025316455696 0.1394279877425945
0 0.5870253164556962 0.2604698672114402 0.05590717299578059 0.10929519918283963
0 0.6334388185654009 0.13227783452502553 0.14873417721518986 0.09397344228804903
0 0.6708274870252394 0.13431853636634528 0.1612992273441186 0.07988937192067477
0 0.6445147679324894 0.26634320735444333 0.17088607594936708 0.09856996935648621
0 0.7143187194114052 0.2018812796915222 0.21228956956198275 0.23830980940185356
0 0.7664860746998292 0.20275618034894285 0.2632699459765885 0.12885463224617685
0 0.8931464165219549 0.14700806768318428 0.20661066541085782 0.10159496259536166
0 0.8597315901196402 0.2795218173460148 0.20993508623133136 0.1027504610583738
0 0.9140295358649789 0.28243105209397346 0.1719409282700422 0.10112359550561797
0 0.9251054852320675 0.15296220633299284 0.14978902953586498 0.10776302349336057
0 0.08649789029535865 0.7849846782431052 0.1729957805907173 0.24514811031664965
0 0.1239451476793249 0.7962206332992849 0.2478902953586498 0.2512768130745659
0 0.17668776371308018 0.7967313585291114 0.35337552742616035 0.278855975485189
0 0.20991561181434598 0.8000510725229827 0.41983122362869196 0.2722165474974464
0 0.2742616033755274 0.8084780388151175 0.5485232067510548 0.28804902962206336
0 0.2890295358649789 0.8130745658835546 0.540084388185654 0.29111338100102147
0 0.31856540084388185 0.8161389172625128 0.4810126582278481 0.30949948927477017
0 0.42457805907172996 0.8084780388151175 0.2689873417721519 0.3830439223697651
0 0.46677215189873417 0.8107763023493361 0.18459915611814345 0.37844739530132787
0 0.4868143459915612 0.8102655771195098 0.14451476793248946 0.3794688457609806
0 0.504746835443038 0.8125638406537283 0.10864978902953587 0.3748723186925434
0 0.7457805907172996 0.6948416751787538 0.28164556962025317 0.530388151174668
0 0.7710970464135021 0.7035240040858018 0.14978902953586498 0.5480081716036772
0 0.8122362869198312 0.6843718079673136 0.2795358649789029 0.5097037793667007
0 0.8544303797468354 0.6963738508682329 0.1339662447257384 0.5334525025536262
0 0.9003164556962026 0.6925434116445353 0.1360759493670886 0.526046986721144