0 0.4346590909090909 0.3147554129911788 0.21534090909090908 0.18283881315156375
0 0.32329545454545455 0.37530072173215717 0.05823863636363636 0.12449879711307137
0 0.31363636363636366 0.3751002405773857 0.08039772727272727 0.132317562149158
0 0.38125 0.24077786688051322 0.13465909090909092 0.09041700080192462
0 0.3698863636363636 0.2367682437850842 0.08096590909090909 0.12830793905372895
0 0.24857954545454544 0.3686848436246993 0.14204545454545456 0.09582999198075381
0 0.3065340909090909 0.23195669607056937 0.1471590909090909 0.09923817161186849
0 0.2122159090909091 0.36768243785084204 0.13267045454545454 0.0892141138732959
0 0.2002840909090909 0.3656776263031275 0.1252840909090909 0.08420208500400962
0 0.19119318181818182 0.3630713712910986 0.13835227272727274 0.09262229350441059
0 0.18039772727272727 0.3630713712910986 0.08409090909090909 0.1347233360064154
0 0.17017045454545454 0.36186848436246993 0.07329545454545454 0.13171611868484362
0 0.2684659090909091 0.22634322373696872 0.12982954545454545 0.0876102646351243
0 0.25795454545454544 0.2247393744987971 0.12840909090909092 0.08680834001603849
0 0.24801136363636364 0.2231355252606255 0.07414772727272727 0.13853247794707296
0 0.23835227272727272 0.22253408179631115 0.13835227272727274 0.09302325581395349
0 0.2278409090909091 0.2223336006415397 0.07840909090909091 0.136327185244587
0 0.9678977272727273 0.46090617481956697 0.06420454545454546 0.18404170008019247
0 0.9588068181818182 0.46271050521251 0.08238636363636363 0.23977546110665598
0 0.9142045454545454 0.4366479550922213 0.1715909090909091 0.18364073777064957
0 0.8980113636363637 0.4603047313552526 0.20397727272727273 0.1483560545308741
0 0.8639204545454545 0.42802726543704894 0.2721590909090909 0.18805132317562148
0 0.8267946381469042 0.4242689955043925 0.2667199486594138 0.18009447231732903
0 0.7688170901007217 0.46507996275869257 0.19420162160455035 0.13112869412966807
0 0.9877840909090909 0.19105854049719326 0.024431818181818183 0.21050521251002405
0 0.9414772727272728 0.17802726543704891 0.11704545454545455 0.21892542101042503
0 0.9053706033400529 0.15885167191896643 0.1360146121341431 0.24524256062687733
0 0.8653717370593497 0.1544398174757667 0.1297182318586398 0.2446875772810837
0 0.8254482504479718 0.15182529246931692 0.12717884144503194 0.23742824997215223
0 0.6771194407350145 0.45454548248469356 0.10318796408619758 0.17206630036699552
0 0.6524496774869655 0.40577573956881896 0.1364551778648976 0.2588472753265633
0 0.6073863636363637 0.44446672012830796 0.075 0.17361668003207698
0 0.7261381922109823 0.15567199426414846 0.11545587516256536 0.2095518219278955
0 0.6781443032293577 0.1738470473230224 0.09969773113823986 0.16638281847146286
0 0.6488636363636363 0.12670408981555734 0.15795454545454546 0.25340817963111467
0 0.5809659090909091 0.15918203688853247 0.02215909090909091 0.1635926222935044
0 0.4616477272727273 0.9442662389735365 0.10397727272727272 0.11146752205292702
0 0.4167613636363636 0.9444667201283079 0.09375 0.11106655974338413
0 0.36619318181818183 0.9412590216519647 0.11193181818181819 0.11748195669607057
0 0.31136363636363634 0.9382518043303929 0.10681818181818181 0.12349639133921411
0 0.23125 0.9300320769847634 0.16704545454545455 0.13993584603047313
0 0.15 0.9286287089013633 0.10795454545454546 0.14274258219727345
0 0.10511363636363637 0.9250200481154771 0.09204545454545454 0.14995990376904572
0 0.0612728450468342 0.9217193784118353 0.10848721532490502 0.15420502129858848
0 0.031818181818181815 0.9149959903769046 0.06363636363636363 0.15878107457898957
0 0.5244159376690545 0.8141494216633647 0.0649227364269189 0.1547307232830052
0 0.4934789810854384 0.8073152448756895 0.10956558017362517 0.15862960861594683
0 0.4422092389921059 0.8023815040611324 0.10512450469131755 0.1545219721338127
0 0.3927368029043257 0.7966038328903303 0.10672467108271606 0.15855959905401482
0 0.3407539289102308 0.7904882080157244 0.11074832408549211 0.15905857475026264
0 0.24486448632141508 0.7794572986203092 0.1191782908072125 0.15846667881697316
0 0.1946093479196174 0.7730991868537724 0.09508275306605883 0.15587378694902868
0 0.1539263491319737 0.7697037400968164 0.0926825034789613 0.14981734656872583
0 0.11243745789256071 0.7659283338988971 0.09429428838249976 0.1490574276867995
0 0.9565340909090909 0.9015637530072174 0.08693181818181818 0.11828388131515638
0 0.9494318181818182 0.896952686447474 0.10113636363636364 0.15557337610264635
0 0.9155582896649946 0.8911883104337466 0.16342713664478248 0.10997952072365856
0 0.8694543734668718 0.8881263629992332 0.15983252463367784 0.10829166001116852
0 0.8255246147343995 0.8834115596331955 0.15978614435817426 0.10789069770162561
0 0.7860707401341264 0.8791861844323808 0.15912520198898558 0.1070747711701534
0 0.7067223314297686 0.8647490032123809 0.19051424904243855 0.12863890879809206
0 0.6608097455897298 0.8624819794407599 0.12283090160596079 0.15575795603687775
0 0.6213068181818182 0.8584603047313553 0.1028409090909091 0.15236567762630313
0 0.6127840909090909 0.8538492381716118 0.08579545454545455 0.1078588612670409
0 0.5886363636363636 0.847233360064154 0.0375 0.11226944667201283
0 0.984375 0.7387730553327987 0.03125 0.15036086607858862
0 0.9292613636363637 0.7299518845228549 0.14147727272727273 0.16559743384121892
0 0.8611685597567444 0.7222056161348986 0.1080117940577302 0.1549929440052879
0 0.8162589590961004 0.7137166756091696 0.0924389835893038 0.15261008082313976
0 0.7720682995922888 0.7088083920445537 0.10848721532490489 0.15420502129858848
0 0.71473407860097 0.7024248230280757 0.11979285290089789 0.15888164303890245
0 0.6527848326509416 0.6967547127750037 0.11994361223954839 0.15528698416540274
0 0.9480113636363636 0.6226944667201283 0.10397727272727272 0.04570970328789094
0 0.9051136363636364 0.6188853247794708 0.09545454545454546 0.03809141940657578
0 0.8644886363636364 0.6156776263031275 0.09261363636363637 0.031676022453889334