0 0.4903314917127072 0.47627931769722814 0.11878453038674033 0.1668443496801706
0 0.4578729281767956 0.46748400852878463 0.18370165745856354 0.18443496801705758
0 0.4675414364640884 0.4299040511727079 0.1643646408839779 0.2595948827292111
0 0.40814917127071826 0.4608208955223881 0.28314917127071826 0.19776119402985073
0 0.3777624309392265 0.453091684434968 0.34392265193370164 0.21321961620469082
0 0.3491022099447514 0.4520255863539446 0.36256906077348067 0.21535181236673773
0 0.3218232044198895 0.4189765458422175 0.2058011049723757 0.2814498933901919
0 0.29661602209944754 0.4171108742004264 0.17058011049723756 0.285181236673774
0 0.2710635359116022 0.447228144989339 0.3611878453038674 0.22494669509594883
0 0.17230662983425415 0.4021855010660981 0.21477900552486187 0.3150319829424307
0 0.12430939226519337 0.4005863539445629 0.2085635359116022 0.31823027718550106
0 0.14744475138121546 0.43789978678038377 0.27002762430939226 0.24360341151385928
0 0.1039364640883978 0.43230277185501065 0.18439226519337015 0.2547974413646055
0 0.613950276243094 0.3291577825159915 0.12845303867403315 0.21695095948827292
0 0.6087707182320442 0.07809168443496801 0.1180939226519337 0.15618336886993603
0 0.494475138121547 0.8667377398720683 0.11049723756906077 0.2345415778251599
0 0.5200276243093923 0.8518123667377399 0.05939226519337017 0.29637526652452023
0 0.47064917127071826 0.8576759061833689 0.15814917127071823 0.21108742004264391
0 0.49412983425414364 0.8494136460554371 0.1111878453038674 0.3011727078891258
0 0.4513121546961326 0.8512793176972282 0.1968232044198895 0.2068230277185501
0 0.4713397790055249 0.8464818763326226 0.12638121546961326 0.3070362473347548
0 0.45062154696132595 0.8443496801705757 0.13466850828729282 0.31130063965884863
0 0.417904351037774 0.9175796669374867 0.14109386675477112 0.10591939645118105
0 0.9585635359116023 0.9235074626865671 0.08287292817679558 0.15298507462686567
0 0.9671961325966851 0.9013859275053305 0.06560773480662983 0.19722814498933902
0 0.9444060773480663 0.9008528784648188 0.1111878453038674 0.19829424307036247
0 0.8670580110497238 0.9251066098081023 0.21477900552486187 0.1497867803837953
0 0.824585635359116 0.9291044776119403 0.10773480662983426 0.1417910447761194
0 0.7823744356666658 0.8880233443171973 0.27777855017345554 0.20852881176326263
0 0.6906077348066298 0.9192430703624733 0.10911602209944751 0.1615138592750533
0 0.6552269535515962 0.9002859972353929 0.19767838623454917 0.14839748773628997
0 0.630524861878453 0.9051172707889126 0.16160220994475138 0.14072494669509594