0 0.506875 0.0944666001994018 0.07375 0.1889332003988036
0 0.60125 0.25249252243270187 0.2625 0.09421734795613161
0 0.6049596474778567 0.102722422019835 0.25423390025128795 0.189026671988494
0 0.7884375 0.21784646061814555 0.288125 0.16350947158524426
0 0.7853125 0.04312063808574277 0.276875 0.08624127617148554
0 0.9759375 0.25373878364905283 0.048125 0.09172482552342971
0 0.0490625 0.8990528414755733 0.098125 0.20189431704885344
0 0.061875 0.904037886340977 0.12375 0.19192422731804587
0 0.07625 0.9082751744765702 0.1525 0.18344965104685942
0 0.2003125 0.9214855433698903 0.300625 0.15702891326021934
0 0.23875 0.8918245264207378 0.17625 0.21635094715852443
0 0.2709375 0.9254735792622134 0.296875 0.14905284147557327
0 0.3415625 0.9312063808574277 0.256875 0.13758723828514458
0 0.3875 0.9030408773678963 0.165 0.19391824526420737
0 0.418125 0.9077766699900299 0.10375 0.18444666001994017
0 0.0440625 0.5413758723828515 0.088125 0.2313060817547358
0 0.0565625 0.5451146560319042 0.113125 0.23080757726819542
0 0.098125 0.5598205383848455 0.19625 0.21036889332003988
0 0.1178125 0.5648055832502492 0.235625 0.22931206380857427
0 0.11290046686321453 0.5701061322797605 0.18701383044072373 0.35015349691637637
0 0.1446875 0.5712861415752741 0.289375 0.22333000997008973
0 0.1687231498937527 0.5753478461074123 0.30498629128337784 0.2271305290352647
0 0.2705406898338402 0.5905192128495151 0.28798379710092475 0.2135984025421071
0 0.30384425389452857 0.592417689908329 0.1600623545613246 0.3370734714815563
0 0.3271988362582708 0.5947682680254802 0.16182253759186266 0.3420643167754856
0 0.3552664277735398 0.5973898499928718 0.18183531795521687 0.3361779700076698
0 0.349375 0.6064307078763709 0.24125 0.22582253240279163
0 0.3671875 0.6096709870388833 0.205625 0.2143569292123629
0 0.3784375 0.6071784646061814 0.183125 0.21635094715852443
0 0.43375 0.6116650049850448 0.0725 0.34795613160518446
0 0.4928125 0.7440179461615155 0.045625 0.1839481555333998
0 0.5271875 0.7497507477567298 0.114375 0.17647058823529413
0 0.5515625 0.7554835493519442 0.163125 0.26071784646061813
0 0.5053125 0.46061814556331004 0.070625 0.1694915254237288
0 0.5459375 0.47058823529411764 0.151875 0.1744765702891326
0 0.5825 0.480309072781655 0.225 0.17996011964107678
0 0.6297746932354912 0.6358766559628798 0.22714214982608147 0.16847197946983097
0 0.775 0.6530408773678963 0.45 0.6111665004985045
0 0.9240625 0.8015952143569293 0.151875 0.1744765702891326
0 0.9334375 0.538135593220339 0.133125 0.18993020937188435
0 0.984375 0.8215353938185443 0.03125 0.24127617148554337