0 0.4642567018683997 0.4576271186440678 0.05706742485783915 0.07831136220966729
0 0.47380178716490656 0.4584118016321406 0.05645816409423233 0.13072818581293158
0 0.414906580016247 0.3145009416195857 0.12814784727863526 0.10200878844946641
0 0.38769293257514215 0.31089139987445075 0.1054021121039805 0.08443188951663529
0 0.3527619821283509 0.307909604519774 0.09199837530463038 0.12774639045825487
0 0.29914703493095046 0.30257376020087884 0.12510154346060115 0.09965473948524796
0 0.4258732737611698 0.19538606403013184 0.15089358245329001 0.12021343377275581
0 0.19110479285134038 0.2862523540489642 0.10682372055239643 0.0852165725047081
0 0.16043866774979693 0.27793471437539236 0.1342404549147035 0.1068738229755179
0 0.12002437043054427 0.27652228499686127 0.12652315190901706 0.10091023226616447
0 0.09951259138911454 0.2735404896421846 0.11454102355808286 0.09118016321406151
0 0.07778229082047117 0.267263025737602 0.12591389114541024 0.10028248587570622
0 0.210804224207961 0.16337099811676084 0.12896019496344435 0.10263653483992467
0 0.15454914703493094 0.1556811048336472 0.11515028432168968 0.13559322033898305
0 0.10174654752233957 0.4091337099811676 0.17201462225832656 0.1370056497175141
0 0.30544272948822093 0.4450721908349027 0.15393988627132413 0.12256748273697426
0 0.9766450040617384 0.41588198367859386 0.04670999187652315 0.12554927809165098
0 0.9721770917952883 0.41509730069052103 0.05564581640942323 0.12460765850596359
0 0.987408610885459 0.4171374764595104 0.025182778229082048 0.1933458882611425
0 0.9606011372867588 0.41462649089767734 0.07879772542648253 0.1293157564344005
0 0.9205930138099107 0.30947897049591966 0.15881397238017872 0.26616446955430006
0 0.960804224207961 0.23132454488386692 0.07839155158407798 0.13873195229127433
0 0.9390739236393176 0.21735718769617074 0.12185215272136475 0.1534839924670433
0 0.9106417546709992 0.21563088512241055 0.17871649065800163 0.18392969240426868
0 0.8008496233058313 0.39351832023761213 0.1874480672292267 0.1498015564121038
0 0.7829305354315738 0.38599590544945894 0.2003419779795832 0.1604122106467457
0 0.759929717429561 0.3853024811751508 0.190357460733893 0.1521266360016485
0 0.7412929896845478 0.38771277461633696 0.08387543544467939 0.21253122510570216
0 0.7243846095157419 0.3799877206509476 0.20157940710903527 0.16109480013275015
0 0.7017757846544548 0.37880520555194697 0.19908564124789258 0.15910187477028315
0 0.6804940302303913 0.3744199748891846 0.1924261451503927 0.1534735339418087
0 0.6619847589976265 0.37431014225261344 0.07636577645789354 0.20561082943261355
0 0.6446656478887178 0.37320384693480885 0.08739864681065103 0.20830152965913254
0 0.6226519030893587 0.37152310049519144 0.08868334494569932 0.21055348512128264
0 0.6035191903913083 0.37096987961354966 0.0796813438049646 0.20795419005400723
0 0.8547616584474865 0.18491191145369576 0.07745194476943788 0.20127144779495199
0 0.8292387131809733 0.18150331461341765 0.09544649324978809 0.2061561647342738
0 0.6128204869134943 0.25441788147315275 0.14621318462363067 0.38334488323918214
0 0.5646199931349402 0.14626844396701125 0.09239563233405566 0.21260125357929585
0 0.5465069049553208 0.1435969868173258 0.07351746547522339 0.2106089139987445
0 0.4892363931762794 0.7146892655367232 0.041023558082859464 0.14626490897677338
0 0.4624289195775792 0.705743879472693 0.09463850528025995 0.15160075329566855
0 0.4561332250203087 0.7186126804770873 0.10722989439480098 0.177338355304457
0 0.4238014182494181 0.7037783553592554 0.163757291548371 0.13086876546866721
0 0.3834281072298944 0.7084118016321406 0.12591389114541024 0.15693659761456372
0 0.3320471161657189 0.6958568738229756 0.20674248578391552 0.1318267419962335
0 0.27822908204711616 0.6886377903327056 0.20714865962632006 0.11738857501569366
0 0.22359870024370432 0.6994664155681105 0.12144597887896019 0.13904582548650346
0 0.17810722989439481 0.67984934086629 0.2132412672623883 0.09981167608286252
0 0.13160032493907392 0.6787507846829881 0.21039805036555645 0.09761456371625864
0 0.09687246141348498 0.6760828625235404 0.19049553208773354 0.09227871939736347
0 0.41494665781703277 0.922928778448979 0.16251040861779956 0.12987230278743356
0 0.39315018064055474 0.9217097012862809 0.16083844424258523 0.1282298126838932
0 0.3740882016480373 0.9167531151555071 0.163757291548371 0.13086876546866702
0 0.3533404171843493 0.9233443058098397 0.1417384802427295 0.11357846462877089
0 0.2742501333317543 0.9374329995764379 0.10307565559389852 0.08237424831530313
0 0.25662867038989134 0.9330401762246517 0.059549896665944645 0.11865586462989894
0 0.23688197002767447 0.9323574402931685 0.10846936115858843 0.08637838007208586
0 0.22625442450301517 0.896848563687878 0.167497940340085 0.1338581535123676
0 0.20212523569014398 0.9127066062904939 0.13050708006646825 0.10429642730244024
0 0.18260998365248718 0.9129563494287736 0.06161892068816695 0.13348102893306268
0 0.1658434105004698 0.9099393933918211 0.06213854014400232 0.1372657883076609
0 0.14826431986078215 0.9002015852052154 0.06400903434272061 0.14549961551101295
0 0.13120012177637017 0.894055037731896 0.0658133519336043 0.1515363303477614
0 0.0740045611948375 0.8721139919309945 0.13485447015842605 0.19476503165582368
0 0.030056864337936636 0.8614249843063403 0.06011372867587327 0.1967984934086629
0 0.8417952883834281 0.9059949780288763 0.25060926076360684 0.18801004394224732
0 0.8848497156783103 0.7137476459510358 0.23030056864337936 0.16760828625235405
0 0.6407392363931763 0.873352165725047 0.2619821283509342 0.2532956685499058
0 0.7067424857839155 0.6949152542372882 0.25670186839967507 0.12994350282485875
0 0.5710804224207962 0.7493722536095417 0.12266450040617384 0.23885750156936597