0 0.025735294117647058 0.4628482972136223 0.026737967914438502 0.07662538699690402
0 0.032754010695187165 0.4628482972136223 0.04144385026737968 0.08436532507739938
0 0.07386363636363637 0.32610939112487103 0.07252673796791444 0.09262125902992777
0 0.09191176470588236 0.326625386996904 0.058823529411764705 0.07533539731682147
0 0.11530748663101605 0.32894736842105265 0.07352941176470588 0.09391124871001032
0 0.15106951871657753 0.3317853457172343 0.07352941176470588 0.09391124871001032
0 0.07987967914438503 0.20459236326109392 0.08890374331550802 0.11351909184726522
0 0.2232620320855615 0.3320433436532508 0.022058823529411766 0.12151702786377709
0 0.24431818181818182 0.32791537667698656 0.04344919786096257 0.13338493292053663
0 0.27072192513368987 0.3328173374613003 0.0711898395721925 0.09004127966976264
0 0.28442513368983957 0.3328173374613003 0.024732620320855617 0.1259029927760578
0 0.2994652406417112 0.32972136222910214 0.034759358288770054 0.14035087719298245
0 0.22359625668449198 0.20485036119711042 0.03910427807486631 0.13364293085655315
0 0.26136363636363635 0.20562435500515996 0.08121657754010696 0.10397316821465429
0 0.26838235294117646 0.4692982456140351 0.07152406417112299 0.14293085655314758
0 0.13101604278074866 0.47342621259029927 0.08054812834224599 0.10319917440660474
0 0.393048128342246 0.4695562435500516 0.09157754010695188 0.13338493292053663
0 0.4057486631016043 0.4674922600619195 0.11764705882352941 0.13751289989680082
0 0.3983957219251337 0.4664602683178535 0.047459893048128345 0.2236842105263158
0 0.4197860962566845 0.46568627450980393 0.07185828877005347 0.22781217750257998
0 0.44017379679144386 0.46723426212590297 0.16443850267379678 0.13157894736842105
0 0.4608957219251337 0.46723426212590297 0.18315508021390375 0.14654282765737875
0 0.48128342245989303 0.4692982456140351 0.18382352941176472 0.14654282765737875
0 0.5043449197860963 0.47007223942208465 0.1697860962566845 0.13570691434468524
0 0.6370320855614974 0.4744582043343653 0.17780748663101603 0.14215686274509803
0 0.6617647058823529 0.47213622291021673 0.17947860962566844 0.14370485036119712
0 0.6838235294117647 0.4739422084623323 0.18382352941176472 0.14731682146542827
0 0.7493315508021391 0.47678018575851394 0.05113636363636364 0.22136222910216719
0 0.7723930481283422 0.47549019607843135 0.06049465240641711 0.22316821465428277
0 0.7991310160427807 0.47678018575851394 0.1821524064171123 0.14499484004127966
0 0.8639705882352942 0.47678018575851394 0.06316844919786097 0.22394220846233232
0 0.8907085561497327 0.4806501547987616 0.07352941176470588 0.217234262125903
0 0.972927807486631 0.47832817337461303 0.05414438502673797 0.23374613003095976
0 0.9652406417112299 0.47729618163054693 0.06918449197860962 0.13028895768833848
0 0.375 0.22523219814241485 0.08121657754010696 0.12796697626418987
0 0.3850267379679144 0.22858617131062953 0.10127005347593583 0.13183694530443757
0 0.36831550802139035 0.22987616099071206 0.038101604278074866 0.2218782249742002
0 0.3860294117647059 0.22884416924664602 0.03877005347593583 0.22136222910216719
0 0.4054144385026738 0.22497420020639836 0.04411764705882353 0.2242002063983488
0 0.42413101604278075 0.22523219814241485 0.042446524064171126 0.22291021671826625
0 0.48963903743315507 0.22807017543859648 0.042446524064171126 0.2242002063983488
0 0.5076871657754011 0.22936016511867904 0.042446524064171126 0.22291021671826625
0 0.5294117647058824 0.2306501547987616 0.04512032085561497 0.22626418988648092
0 0.546457219251337 0.22961816305469557 0.04144385026737968 0.22549019607843138
0 0.5668449197860963 0.22987616099071206 0.04578877005347594 0.22703818369453044
0 0.6356951871657754 0.2324561403508772 0.04044117647058824 0.22213622291021673
0 0.6577540106951871 0.23116615067079463 0.03776737967914438 0.21929824561403508
0 0.6737967914438503 0.23090815273477813 0.04144385026737968 0.22213622291021673
0 0.6925133689839572 0.23116615067079463 0.042112299465240643 0.21826625386996903
0 0.7108957219251337 0.23503611971104232 0.03977272727272727 0.22523219814241485
0 0.7296122994652406 0.23529411764705882 0.038101604278074866 0.21981424148606812
0 0.7453208556149733 0.23194014447884417 0.03877005347593583 0.21929824561403508
0 0.7713903743315508 0.23168214654282765 0.05447860962566845 0.22755417956656346
0 0.7984625668449198 0.23400412796697626 0.042446524064171126 0.22549019607843138
0 0.8275401069518716 0.23684210526315788 0.06584224598930481 0.22162022703818368
0 0.1107595156272136 0.9073382295509382 0.06499627326345815 0.053250087484990605
0 0.14017128033309598 0.9090586220338024 0.08139689555101014 0.0660563884414943
0 0.1665283486652706 0.9090550776693656 0.030470848787938345 0.08110555711763791
0 0.19056140313270978 0.9094306797749157 0.03853891414560322 0.08312274268360881
0 0.21823981153282856 0.9089893391967576 0.07250479771770652 0.05884014432603691
0 0.1126336898395722 0.987358101135191 0.046122994652406414 0.025283797729618165
0 0.12199197860962567 0.987874097007224 0.042112299465240643 0.024251805985552117
0 0.13302139037433156 0.9883900928792569 0.03877005347593583 0.02321981424148607
0 0.11048500930476844 0.8097134111173043 0.08002888049973272 0.06494619703911624
0 0.13718408139976251 0.8099874146034618 0.07932931464631611 0.06387510546589419
0 0.16549204317829785 0.8082951841743774 0.08344891812792635 0.06772167554506138
0 0.19360580530790272 0.8112273666790122 0.03811939819218668 0.09133957680698142
0 0.21797308437427235 0.8116225186991401 0.036549124879798 0.08352143906817405
0 0.2432963622541 0.8105283328469032 0.07866086544845514 0.06383600563673818
0 0.2687285484283722 0.8130461180988975 0.04286077588832441 0.09367725909920556
0 0.29539650386781063 0.812288129840989 0.04604743859985159 0.08871279952465536
0 0.3161764705882353 0.8129514963880289 0.026737967914438502 0.08101135190918472
0 0.3165106951871658 0.8142414860681114 0.02606951871657754 0.0608875128998968
0 0.10312983254196383 0.7206884223235321 0.07320436357112306 0.059911235899258966
0 0.12854646038845818 0.7226902117034933 0.07454126196684498 0.059989435557570976
0 0.1539397507432859 0.723918007275405 0.031388231230243736 0.08940059089932229
0 0.1826052746124184 0.723019320568948 0.03675138314090918 0.09022938540460312
0 0.21303527144286993 0.7253143586675792 0.034870502169548505 0.09424005289339954
0 0.23539720291565666 0.7255922112002392 0.023910823431550855 0.08484252580234204
0 0.25297108170897215 0.7219843938245761 0.026351245306328104 0.0772589870384707
0 0.2771208236347446 0.726229964970374 0.03000465785118849 0.08777440362491121
0 0.30182232730004466 0.7266446669050801 0.03549227638407615 0.09273116510645624
0 0.31885026737967914 0.7252321981424149 0.0213903743315508 0.09236326109391124
0 0.39438502673796794 0.6937564499484005 0.12967914438502673 0.10784313725490197
0 0.38836898395721925 0.7190402476780186 0.11764705882352941 0.15841073271413827
0 0.4602272727272727 0.7190402476780186 0.15975935828877005 0.15841073271413827
0 0.5441176470588235 0.6906604747162023 0.23663101604278075 0.10165118679050568
0 0.61798128342246 0.6865325077399381 0.32286096256684493 0.0933952528379773
0 0.7002005347593583 0.6937564499484005 0.2934491978609626 0.10784313725490197
0 0.7927807486631016 0.6878224974200207 0.29010695187165775 0.09597523219814241
0 0.8709893048128342 0.6932404540763674 0.2580213903743315 0.10681114551083591
0 0.9027406417112299 0.6885964912280702 0.1945187165775401 0.09752321981424149
0 0.49866310160427807 0.9267285861713106 0.0855614973262032 0.14654282765737875
0 0.5344251336898396 0.955108359133127 0.22794117647058823 0.08978328173374613
0 0.5671791443850267 0.9277605779153767 0.08890374331550802 0.14447884416924664
0 0.5992647058823529 0.9422084623323014 0.08622994652406417 0.11558307533539731
0 0.8151737967914439 0.9563983488132095 0.22393048128342247 0.08720330237358101
0 0.8502673796791443 0.9796181630546955 0.1858288770053476 0.04076367389060888
0 0.8823529411764706 0.9649122807017544 0.053475935828877004 0.07017543859649122
0 0.910427807486631 0.9631062951496389 0.053475935828877004 0.0737874097007224
0 0.9421791443850267 0.9540763673890609 0.05414438502673797 0.09184726522187822
0 0.9719251336898396 0.9486584107327142 0.05481283422459893 0.10268317853457172