0 0.023809523809523808 0.12582056892778992 0.047619047619047616 0.05798687089715536
0 0.044579533941236066 0.12417943107221006 0.08890577507598785 0.06400437636761488
0 0.02127659574468085 0.25793216630196936 0.0425531914893617 0.04786652078774617
0 0.042806484295846 0.25574398249452956 0.085612968591692 0.047045951859956234
0 0.061296859169199594 0.10722100656455143 0.12259371833839919 0.048687089715536105
0 0.10182370820668693 0.10421225382932166 0.11448834853090173 0.04540481400437637
0 0.13905775075987842 0.10147702407002188 0.07168186423505572 0.06236323851203501
0 0.17882472137791286 0.09901531728665208 0.07168186423505572 0.06263676148796499
0 0.225177304964539 0.09573304157549234 0.11879432624113476 0.047045951859956234
0 0.11144883485309018 0.17560175054704596 0.09853090172239108 0.0711159737417943
0 0.15678824721377912 0.17286652078774617 0.12310030395136778 0.048687089715536105
0 0.19655521783181357 0.1698577680525164 0.12588652482269502 0.049781181619256015
0 0.08890577507598785 0.2527352297592998 0.0977710233029382 0.07166301969365427
0 0.13829787234042554 0.24972647702407003 0.08333333333333333 0.0713894967177243
0 0.17401215805471124 0.2461706783369803 0.11752786220871327 0.04649890590809628
0 0.21580547112462006 0.2434354485776805 0.1274062816616008 0.05032822757111598
0 0.25937183383991896 0.2401531728665208 0.13019250253292808 0.05169584245076586
0 0.353596757852077 0.10557986870897156 0.18034447821681865 0.07166301969365427
0 0.38753799392097266 0.10393873085339168 0.16818642350557245 0.06673960612691467
0 0.4085612968591692 0.10202407002188184 0.15096251266464034 0.06892778993435449
0 0.4270516717325228 0.10038293216630197 0.11296859169199595 0.06427789934354486
0 0.4457953394123607 0.09928884026258206 0.07548125633232017 0.06181619256017506
0 0.30623100303951367 0.21307439824945296 0.18262411347517732 0.07221006564551423
0 0.35081053698074977 0.21033916849015316 0.08687943262411348 0.09655361050328228
0 0.3890577507598784 0.20678336980306344 0.1646403242147923 0.06482494529540482
0 0.4085612968591692 0.20568927789934355 0.13297872340425532 0.06591903719912473
0 0.44250253292806485 0.2037746170678337 0.06382978723404255 0.056345733041575495
0 0.5615501519756839 0.22702407002188185 0.09954407294832827 0.11460612691466084
0 0.6046099290780141 0.22346827133479213 0.18971631205673758 0.07850109409190371
0 0.6547619047619048 0.21963894967177242 0.19883485309017224 0.08150984682713348
0 0.7545592705167173 0.212527352297593 0.20972644376899696 0.08588621444201312
0 0.8042046605876393 0.21033916849015316 0.20440729483282674 0.08451859956236324
0 0.860435663627153 0.20541575492341357 0.18971631205673758 0.07904814004376368
0 0.9219858156028369 0.19803063457330417 0.09346504559270517 0.07303063457330415
0 0.9417426545086119 0.19830415754923414 0.053951367781155016 0.07029540481400437
0 0.1580547112462006 0.5981947483588621 0.0549645390070922 0.1050328227571116
0 0.19072948328267478 0.5908096280087527 0.09295845997973658 0.09299781181619256
0 0.2198581560283688 0.5867067833698031 0.08890577507598785 0.08889496717724289
0 0.24620060790273557 0.5820568927789934 0.0914387031408308 0.09135667396061269
0 0.27710233029381964 0.5782275711159738 0.09929078014184398 0.09928884026258206
0 0.14463019250253292 0.4710065645514223 0.05319148936170213 0.05333698030634573
0 0.15476190476190477 0.47073304157549234 0.05319148936170213 0.05333698030634573
0 0.16691995947315097 0.4701859956236324 0.04913880445795339 0.04923413566739606
0 0.17654508611955422 0.7415207877461707 0.061296859169199594 0.1386761487964989
0 0.20618034447821681 0.736597374179431 0.05648429584599798 0.1323851203501094
0 0.2378419452887538 0.7346827133479212 0.09523809523809523 0.09518599562363239
0 0.2684903748733536 0.725656455142232 0.07244174265450862 0.14113785557986872
0 0.29533941236068895 0.7210065645514223 0.08738601823708207 0.08725382932166302
0 0.3232016210739615 0.7185448577680525 0.0977710233029382 0.09764770240700218
0 0.35131712259371833 0.7108862144420132 0.06433637284701114 0.14113785557986872
0 0.38069908814589665 0.7078774617067833 0.06458966565349544 0.13320568927789933
0 0.40628166160081053 0.7021334792122538 0.08029381965552178 0.08014223194748359
0 0.4308510638297872 0.6969365426695843 0.09523809523809523 0.09518599562363239
0 0.44782168186423504 0.6950218818380745 0.07548125633232017 0.0949124726477024
0 0.18541033434650456 0.8730853391684902 0.09853090172239108 0.09846827133479212
0 0.2132725430597771 0.8657002188183808 0.09295845997973658 0.09217724288840262
0 0.24138804457953394 0.8599562363238512 0.09853090172239108 0.09846827133479212
0 0.27279635258358664 0.8564004376367614 0.10258358662613981 0.10311816192560175
0 0.30623100303951367 0.8481947483588621 0.10157041540020263 0.10175054704595186
0 0.33080040526849036 0.8440919037199125 0.08814589665653495 0.08889496717724289
0 0.35106382978723405 0.8465536105032823 0.08257345491388045 0.0826039387308534
0 0.3771529888551165 0.8364332603938731 0.09853090172239108 0.09846827133479212
0 0.40425531914893614 0.8320568927789934 0.05901722391084093 0.13922319474835887
0 0.42806484295846 0.8293216630196937 0.09473150962512665 0.09846827133479212
0 0.7388551165146909 0.4726477024070022 0.14235055724417425 0.2461706783369803
0 0.813323201621074 0.44064551422319476 0.21225937183383992 0.18216630196936542
0 0.8768996960486323 0.4217724288840263 0.1702127659574468 0.14442013129102846
0 0.9273049645390071 0.4195842450765864 0.1453900709219858 0.1400437636761488
0 0.9551671732522796 0.4212253829321663 0.08966565349544073 0.14332603938730853
0 0.7750759878419453 0.8886761487964989 0.2188449848024316 0.22264770240700218
0 0.8424518743667679 0.8544857768052516 0.1337386018237082 0.2910284463894967
0 0.9067077165579195 0.8568157748781906 0.10865668203854509 0.2467959496648189
0 0.9440222897669707 0.837800875273523 0.11195542046605876 0.17669584245076586
0 0.9807497467071935 0.8367067833698031 0.03850050658561297 0.3112691466083151