0 0.3271812080536913 0.11470345963756177 0.08523489932885905 0.1326194398682043
0 0.31073825503355706 0.1476523887973641 0.11778523489932886 0.08772652388797364
0 0.3181208053691275 0.17627677100494235 0.10335570469798658 0.13756177924217464
0 0.11711409395973155 0.057660626029654036 0.08993288590604027 0.1007001647446458
0 0.10906040268456375 0.09390444810543658 0.12348993288590604 0.06816309719934102
0 0.10201342281879194 0.13158978583196046 0.12449664429530201 0.06919275123558484
0 0.3345637583892617 0.2244645799011532 0.07046979865771812 0.09658154859967051
0 0.3261744966442953 0.25638385502471167 0.087248322147651 0.06322075782537068
0 0.3295302013422819 0.2854200988467875 0.08053691275167785 0.09225700164744646
0 0.32416107382550335 0.3163097199341021 0.0825503355704698 0.09246293245469522
0 0.3144295302013423 0.3517298187808896 0.11040268456375839 0.085667215815486
0 0.21409395973154363 0.23146622734761121 0.09664429530201342 0.10852553542009885
0 0.20604026845637585 0.26668039538714994 0.09395973154362416 0.10523064250411862
0 0.20033557046979866 0.29777594728171336 0.12046979865771812 0.06672158154859967
0 0.09093959731543624 0.17977759472817134 0.12919463087248323 0.09246293245469522
0 0.08288590604026845 0.21828665568369027 0.12516778523489933 0.07557660626029654
0 0.07651006711409396 0.246499176276771 0.09496644295302013 0.10626029654036244
0 0.06946308724832215 0.278830313014827 0.09865771812080537 0.11079077429983525
0 0.0634228187919463 0.3130148270181219 0.09664429530201342 0.10811367380560132
0 0.26409395973154365 0.4439868204283361 0.13120805369127517 0.1470345963756178
0 0.25738255033557045 0.4699341021416804 0.12718120805369126 0.14312191103789126
0 0.25268456375838927 0.4971169686985173 0.1325503355704698 0.14868204283360792
0 0.24731543624161073 0.5247116968698518 0.12818791946308725 0.14312191103789126
0 0.2406040268456376 0.55333607907743 0.13456375838926174 0.15094728171334432
0 0.23557046979865773 0.5831960461285008 0.17315436241610738 0.09658154859967051
0 0.23087248322147652 0.5908154859967051 0.11946308724832215 0.09596375617792421
0 0.0959731543624161 0.3603789126853377 0.17416107382550336 0.09616968698517298
0 0.09060402684563758 0.39435749588138386 0.1697986577181208 0.10317133443163097
0 0.08657718120805369 0.42462932454695224 0.16006711409395974 0.08010708401976936
0 0.08389261744966443 0.45304777594728174 0.1540268456375839 0.0827841845140033
0 0.07785234899328859 0.5006177924217463 0.14093959731543623 0.089168039538715
0 0.07483221476510067 0.5315074135090609 0.13355704697986578 0.09019769357495881
0 0.07181208053691275 0.5636326194398682 0.1261744966442953 0.08649093904448106
0 0.9026845637583892 0.13509060955518945 0.19463087248322147 0.15238879736408567
0 0.6355172307128495 0.14324478452750342 0.25129091536482145 0.16127780540914663
0 0.897986577181208 0.2205518945634267 0.2040268456375839 0.14044481054365734
0 0.6055709795136255 0.21245563226611106 0.2892330459326268 0.1282122406986783
0 0.5772440066200111 0.27954118870346706 0.2328538101614242 0.14944492294706255
0 0.5379134970751012 0.3495334041376505 0.27658680135836766 0.1314175226905499
0 0.9523489932885906 0.5943163097199341 0.0953020134228188 0.11120263591433278
0 0.766209724214543 0.5687758249194361 0.3219046885716875 0.1455417216563501
0 0.4939031611539004 0.5384584840451893 0.24103636433203535 0.15429212020460234
0 0.46375838926174495 0.5941103789126854 0.18791946308724833 0.11161449752883032
0 0.1936241610738255 0.7003706754530478 0.2516778523489933 0.10090609555189456
0 0.1639602412585918 0.739638498822948 0.2892330459326267 0.1282122406986783
0 0.1356332683649776 0.806724055260304 0.23285381016142429 0.14944492294706266
0 0.11711409395973155 0.8766474464579901 0.2342281879194631 0.1313838550247117
0 0.9194630872483222 0.6911037891268533 0.1610738255033557 0.08237232289950576
0 0.8959731543624161 0.6981054365733114 0.2080536912751678 0.05024711696869852
0 0.9104026845637584 0.7073723228995058 0.17885906040268457 0.0936985172981878
0 0.9120805369127517 0.7158154859967051 0.17583892617449665 0.08546128500823723
0 0.8879194630872483 0.7250823723228995 0.22416107382550335 0.04736408566721582
0 0.885234899328859 0.7335255354200988 0.2295302013422819 0.05086490939044481
0 0.9036912751677852 0.7417627677100495 0.19261744966442954 0.0914332784184514
0 0.8822147651006711 0.7518533772652389 0.23557046979865773 0.04921746293245469
0 0.875503355704698 0.8074546952224053 0.19261744966442954 0.089168039538715
0 0.8671140939597315 0.8179571663920923 0.18590604026845636 0.08607907742998352
0 0.8617449664429531 0.8272240527182867 0.276510067114094 0.06157331136738056
0 0.852013422818792 0.854818780889621 0.19328859060402684 0.08957990115321252
0 0.8453020134228187 0.8642915980230642 0.19261744966442954 0.089168039538715
0 0.8402684563758389 0.875823723228995 0.27416107382550337 0.05024711696869852
0 0.8248322147651007 0.9028006589785832 0.2822147651006711 0.05889621087314662
0 0.8228187919463087 0.914332784184514 0.27114093959731544 0.054983525535420096
0 0.7969798657718121 0.9472817133443163 0.2134228187919463 0.0879324546952224
0 0.790268456375839 0.9557248764415156 0.2 0.07104612850082373
0 0.7869127516778524 0.9625205930807249 0.1936241610738255 0.057454695222405275
0 0.637248322147651 0.6799835255354201 0.19496644295302012 0.06013179571663921
0 0.637248322147651 0.6841021416803954 0.19630872483221476 0.06836902800658978
0 0.6342281879194631 0.6880148270181219 0.19731543624161074 0.07619439868204284
0 0.6291946308724832 0.6919275123558485 0.1976510067114094 0.08381383855024711
0 0.6194630872483221 0.69666392092257 0.20536912751677852 0.09328665568369028
0 0.6154362416107383 0.703665568369028 0.2822147651006711 0.05889621087314662
0 0.6033557046979866 0.7314662273476112 0.18758389261744968 0.08690280065897858
0 0.6006711409395973 0.7388797364085667 0.2785234899328859 0.051070840197693576
0 0.5969798657718121 0.7481466227347611 0.28624161073825505 0.06157331136738056
0 0.5912751677852349 0.7553542009884678 0.2791946308724832 0.04633443163097199
0 0.587248322147651 0.764003294892916 0.2825503355704698 0.05045304777594728
0 0.573489932885906 0.792833607907743 0.2785234899328859 0.05251235584843492
0 0.5667785234899329 0.8021004942339374 0.2751677852348993 0.052100494233937394
0 0.5630872483221476 0.8086902800658978 0.2785234899328859 0.051894563426688634
0 0.5587248322147651 0.8165156507413509 0.2697986577181208 0.045304777594728174
0 0.5590604026845638 0.8245469522240527 0.27818791946308724 0.045098846787479406
0 0.5546979865771812 0.8323723228995058 0.2714765100671141 0.04386326194398682
0 0.5466442953020134 0.8385502471169687 0.2708053691275168 0.04427512355848435
0 0.5409395973154363 0.8496705107084019 0.2835570469798658 0.051482701812191105
0 0.5372483221476511 0.860996705107084 0.2791946308724832 0.04633443163097199
0 0.5335570469798657 0.8733525535420099 0.2778523489932886 0.055395387149917624