0 0.36363636363636365 0.16555023923444975 0.17638339920948617 0.10622009569377991
0 0.3651185770750988 0.17559808612440192 0.2826086956521739 0.05143540669856459
0 0.3651185770750988 0.18564593301435406 0.283596837944664 0.05406698564593301
0 0.3641304347826087 0.19569377990430623 0.17391304347826086 0.10478468899521531
0 0.36709486166007904 0.20526315789473684 0.18231225296442688 0.11052631578947368
0 0.3700592885375494 0.21578947368421053 0.18231225296442688 0.10980861244019138
0 0.38537549407114624 0.27129186602870814 0.1773715415019763 0.1069377990430622
0 0.3868577075098814 0.2811004784688995 0.2875494071146245 0.06291866028708135
0 0.391304347826087 0.2904306220095694 0.17490118577075098 0.10622009569377991
0 0.3922924901185771 0.3007177033492823 0.27865612648221344 0.045933014354066985
0 0.3942687747035573 0.31100478468899523 0.17490118577075098 0.10550239234449761
0 0.3957509881422925 0.3203349282296651 0.17984189723320157 0.10837320574162679
0 0.7781620553359684 0.045454545454545456 0.2776679841897233 0.09090909090909091
0 0.8097826086956522 0.035167464114832535 0.3804347826086957 0.06842105263157895
0 0.8097826086956522 0.05095693779904306 0.3804347826086957 0.07129186602870813
0 0.7981026988608473 0.08995269504275048 0.271008937250637 0.13692546428509642
0 0.8028015049207506 0.10509506058592483 0.28817534449736515 0.1451022152421226
0 0.805616023464273 0.11838487389156382 0.290197627616645 0.1461204764017164
0 0.8435161358550719 0.25360796909256844 0.2901746283494952 0.14564200750219483
0 0.8097826086956522 0.26626794258373204 0.3804347826086957 0.07894736842105263
0 0.8446410344580363 0.2815217455138895 0.28109735357988597 0.14153830118354419
0 0.8122529644268774 0.29784688995215314 0.37549407114624506 0.06172248803827751
0 0.8559574329949488 0.31294132548849124 0.2760186465145369 0.13851417938503802
0 0.8597025956630867 0.32739664936265866 0.2750305042220467 0.1384835177047626
0 0.8226284584980237 0.34258373205741627 0.3547430830039526 0.05263157894736842
0 0.8196640316205533 0.357177033492823 0.3606719367588933 0.056937799043062204
0 0.8236166007905138 0.3715311004784689 0.35276679841897235 0.05598086124401914
0 0.825592885375494 0.387799043062201 0.34881422924901184 0.056937799043062204
0 0.825592885375494 0.42751196172248807 0.34881422924901184 0.05502392344497608
0 0.8310276679841897 0.44186602870813396 0.33794466403162055 0.050239234449760764
0 0.8330039525691699 0.45502392344497605 0.3339920948616601 0.05550239234449761
0 0.8379446640316206 0.4700956937799043 0.3241106719367589 0.053110047846889955
0 0.16600790513833993 0.5901913875598086 0.33201581027667987 0.16124401913875597
0 0.315482641975801 0.6448963847137215 0.3100713388274485 0.0464085495090796
0 0.31905572323779047 0.6526684748347251 0.3241583228609576 0.05210097092767204
0 0.03903162055335968 0.6734449760765551 0.07806324110671936 0.09904306220095693
0 0.03804347826086957 0.6842105263157895 0.07608695652173914 0.10239234449760766
0 0.3351740114393055 0.7073490608042295 0.23152841789038242 0.11611243387397348
0 0.057806324110671936 0.7370813397129187 0.11561264822134387 0.12392344497607656
0 0.34955833355586236 0.7365235456901583 0.3186664551818622 0.06100790993692873
0 0.35102863426354797 0.7469885381190812 0.19312803789121655 0.09724394074121206
0 0.3496265051623621 0.7556316399907441 0.32477847687905137 0.04447613021560294
0 0.35414173018254214 0.7643300062305155 0.20526173660689523 0.10335350769877502
0 0.3561865994714969 0.7731050266709754 0.2042505950472555 0.10284437711897809
0 0.08300395256916997 0.7703349282296651 0.16600790513833993 0.0430622009569378
0 0.0825098814229249 0.7794258373205741 0.1650197628458498 0.03923444976076555
0 0.08498023715415019 0.7880382775119618 0.16996047430830039 0.0430622009569378
0 0.08794466403162056 0.7959330143540669 0.17588932806324112 0.045454545454545456
0 0.08695652173913043 0.8045454545454546 0.17391304347826086 0.042583732057416265
0 0.6971343873517787 0.5248803827751196 0.1551383399209486 0.03062200956937799
0 0.6946640316205533 0.5358851674641149 0.15019762845849802 0.05263157894736842
0 0.6981225296442688 0.5461722488038278 0.15711462450592886 0.07320574162679426
0 0.7302371541501976 0.5576555023923445 0.22134387351778656 0.09617224880382776
0 0.7120398437607594 0.5551955840383191 0.15773808330382094 0.07942437044831971
0 0.7420948616600791 0.6071770334928229 0.2450592885375494 0.11866028708133972
0 0.674901185770751 0.6461722488038277 0.11067193675889328 0.24354066985645934
0 0.6837944664031621 0.6844497607655502 0.12845849802371542 0.24641148325358853
0 0.7529644268774703 0.7215311004784689 0.26679841897233203 0.10430622009569378
0 0.7574110671936759 0.7722488038277512 0.2756916996047431 0.10430622009569378
0 0.7613636363636364 0.8004784688995216 0.283596837944664 0.10047846889952153
0 0.7687747035573123 0.834688995215311 0.2984189723320158 0.11818181818181818
0 0.7687747035573123 0.8626794258373206 0.2984189723320158 0.09569377990430622
0 0.7737154150197628 0.8818181818181818 0.308300395256917 0.09282296650717703
0 0.7791501976284585 0.899043062200957 0.3191699604743083 0.09186602870813397
0 0.7781620553359684 0.9167464114832536 0.31719367588932806 0.09569377990430622
0 0.7929841897233202 0.9645933014354067 0.3468379446640316 0.0708133971291866