0 0.2683293269230769 0.16472457627118645 0.14693509615384615 0.1014300847457627
0 0.2647235576923077 0.1742584745762712 0.14783653846153846 0.10195974576271187
0 0.26021634615384615 0.1832627118644068 0.15264423076923078 0.10540254237288135
0 0.25540865384615385 0.19253177966101695 0.22115384615384615 0.04449152542372881
0 0.2527043269230769 0.20153601694915255 0.14963942307692307 0.10407838983050847
0 0.25 0.21159957627118645 0.21844951923076922 0.045021186440677964
0 0.23677884615384615 0.2643008474576271 0.2169471153846154 0.04925847457627119
0 0.23287259615384615 0.2733050847457627 0.1505408653846154 0.10460805084745763
0 0.23167067307692307 0.2823093220338983 0.15354567307692307 0.1059322033898305
0 0.22806490384615385 0.2921080508474576 0.21784855769230768 0.0579978813559322
0 0.22536057692307693 0.3013771186440678 0.21514423076923078 0.04608050847457627
0 0.22175480769230768 0.310646186440678 0.22025240384615385 0.045021186440677964
0 0.7611177884615384 0.05746822033898305 0.3623798076923077 0.11467161016949153
0 0.8900240384615384 0.07335805084745763 0.19170673076923078 0.09004237288135593
0 0.6240985576923077 0.056673728813559324 0.16947115384615385 0.0791843220338983
0 0.8527644230769231 0.11016949152542373 0.26802884615384615 0.06382415254237288
0 0.5952524038461539 0.09957627118644068 0.20222355769230768 0.09427966101694915
0 0.8482572115384616 0.13797669491525424 0.2668269230769231 0.04978813559322034
0 0.8455528846153846 0.16684322033898305 0.21604567307692307 0.05587923728813559
0 0.5715144230769231 0.147510593220339 0.20432692307692307 0.09560381355932203
0 0.6974158653846154 0.1888241525423729 0.35877403846153844 0.1676377118644068
0 0.6893028846153846 0.21398305084745764 0.38070913461538464 0.08077330508474577
0 0.7905649038461539 0.2762182203389831 0.2893629807692308 0.06170550847457627
0 0.5456730769230769 0.2600635593220339 0.21153846153846154 0.05826271186440678
0 0.5393629807692307 0.2955508474576271 0.19891826923076922 0.05614406779661017
0 0.7698317307692307 0.3098516949152542 0.29056490384615385 0.055614406779661014
0 0.7307692307692307 0.3704978813559322 0.17277644230769232 0.04263771186440678
0 0.7196514423076923 0.3988347457627119 0.19891826923076922 0.04422669491525424
0 0.7052283653846154 0.4202860169491525 0.19441105769230768 0.028072033898305086
0 0.41015625 0.5211864406779662 0.059495192307692304 0.1419491525423729
0 0.4050480769230769 0.5985169491525424 0.06971153846153846 0.08686440677966102
0 0.3981370192307692 0.642478813559322 0.08353365384615384 0.07203389830508475
0 0.39212740384615385 0.6848516949152542 0.09555288461538461 0.08686440677966102
0 0.38341346153846156 0.7399364406779662 0.11298076923076923 0.09745762711864407
0 0.3780048076923077 0.7989936440677966 0.12379807692307693 0.09798728813559322
0 0.28335336538461536 0.4679555084745763 0.24098557692307693 0.056673728813559324
0 0.2596713028600273 0.5439639372094477 0.23950596392468704 0.09694110947456494
0 0.24655328814795535 0.5922806342976311 0.23653906121938212 0.07464600804601866
0 0.23867789315283744 0.631143243401647 0.22683962995502688 0.07319197627866482
0 0.2295375400940685 0.6708496827477686 0.22576377685155968 0.07473162061283047
0 0.9329927884615384 0.5842161016949152 0.1162860576923077 0.20259533898305085
0 0.9236778846153846 0.6488347457627118 0.11298076923076923 0.19597457627118645
0 0.9185697115384616 0.6986228813559322 0.11298076923076923 0.19703389830508475
0 0.9143629807692307 0.738082627118644 0.14513221153846154 0.09639830508474577
0 0.9104567307692307 0.7772775423728814 0.109375 0.19147245762711865
0 0.9041466346153846 0.8225635593220338 0.14302884615384615 0.08871822033898305
0 0.8990384615384616 0.8567266949152542 0.14753605769230768 0.10911016949152542
0 0.76953125 0.5540254237288136 0.08443509615384616 0.1472457627118644
0 0.7614182692307693 0.6247351694915254 0.08623798076923077 0.1504237288135593
0 0.7536057692307693 0.6864406779661016 0.10516826923076923 0.11626059322033898
0 0.7466947115384616 0.7539724576271186 0.1045673076923077 0.10566737288135593
0 0.7376802884615384 0.8191207627118644 0.09975961538461539 0.10195974576271187
0 0.8849158653846154 0.9348516949152542 0.14993990384615385 0.06514830508474577
0 0.6496394230769231 0.5582627118644068 0.14423076923076922 0.16472457627118645
0 0.6325120192307693 0.7070974576271186 0.15144230769230768 0.2097457627118644
0 0.6009615384615384 0.873146186440678 0.17427884615384615 0.2253707627118644
0 0.5189302884615384 0.4909957627118644 0.13521634615384615 0.09666313559322035
0 0.5159254807692307 0.5333686440677966 0.13822115384615385 0.08633474576271187