0 0.6473165032921494 0.2029137856542896 0.6192573000068152 0.03791329192219099
0 0.6450940797226487 0.23379094003034534 0.6199080165184062 0.032711078935172125
0 0.6427814777581491 0.2594431139433888 0.615110138437942 0.02917210479629138
0 0.6426326349730851 0.28599520970848136 0.6140674554916904 0.030026491696353727
0 0.6409197677686437 0.3112201901714936 0.6098967237066837 0.033444039296603514
0 0.636169030120446 0.33901592049335766 0.6030918730206484 0.03248340417523887
0 0.6332958900393544 0.36466050524773663 0.605020452339287 0.02903549994033137
0 0.6310224847183211 0.3898778965520845 0.6083052877519066 0.028211469674926735
0 0.6285922928234233 0.4168344182912149 0.6019707967874645 0.03246822585790992
0 0.6200353782894804 0.4432726766763408 0.6168583609665833 0.03614380485275057
0 0.6171230415649228 0.46935204403941555 0.619829623231474 0.03184151371778092
0 0.6148496362438894 0.4945694353437633 0.6176658640520385 0.03268072230051431
0 0.6117413163020015 0.5228227157503164 0.6211858793254545 0.03446538768728359
0 0.6084096016073836 0.5597792374894467 0.6247607176696693 0.04927835301759348
0 0.3143222901631479 0.7437652101617606 0.6286445803262958 0.03734729305137752
0 0.31413027884021766 0.7707444993768843 0.6282605576804353 0.03301464528174976
0 0.3118920982682501 0.7950999146225053 0.6237841965365002 0.03206918847771407
0 0.30913257622315676 0.8215761188009535 0.6182651524463135 0.037286579782061895
0 0.3082624368532363 0.8507141427422266 0.6165248737064726 0.03208436679504303
0 0.31102990268713004 0.8764573865592434 0.6220598053742601 0.032114723429700544
0 0.3059694332104698 0.9003021276095243 0.6119388664209396 0.02943013619088244
0 0.3076158228111797 0.9290205472594307 0.6152316456223594 0.03562334093392367
0 0.3057030004950076 0.9589901906247728 0.6114060009900152 0.03565369756858158