0 0.09984627589499591 0.3890001004239024 0.044201126266954646 0.46845372515773515
0 0.1386801730211069 0.39103216789293344 0.03764930575652699 0.46888611862441604
0 0.17095588418084437 0.39307290001508605 0.033222014494080236 0.4652195786756496
0 0.20430022542051812 0.39348789424307423 0.034303375485908304 0.4644412984086039
0 0.2360225251724497 0.39507030887163097 0.038628819453220886 0.4613281773404212
0 0.2710589279152704 0.39897889964820327 0.03745834207815033 0.4561742542176363
0 0.30334100453095375 0.40144336058391517 0.03310743628705413 0.4575924600315817
0 0.33506966973883123 0.4034495040260313 0.03205153711900963 0.4600656555528647
0 0.3689865187541485 0.4055940021882933 0.03744561116625849 0.4553267965905178
0 0.4024263418330106 0.41236492861967133 0.041987480635731385 0.46662045518335193
0 0.4352554644005539 0.41486397823541976 0.036555213852807106 0.4688169412643429
0 0.46698412960843133 0.4168701216775358 0.037623843932743456 0.46719120337017866
0 0.5025484819352743 0.4195421146934666 0.039850220475858567 0.46987193097168056
0 0.5490473878433706 0.4224821524965678 0.05847524466288064 0.47274286134715837
0 0.7885921597554915 0.651831241933346 0.04336165260107015 0.4853337003400351
0 0.8224899124029711 0.6527045536549299 0.03790392399436268 0.48583527116678893
0 0.8531181202511828 0.6542177909234137 0.03674617753118379 0.4815288056711228
0 0.8865261160503154 0.6588700732869952 0.04331072895350327 0.48194386983156035
0 0.9231718293689867 0.6607637860358803 0.03675890844307539 0.48237626329824124
0 0.9553711550573732 0.657719772395321 0.03678437026685908 0.4840711785524787
0 0.984398375757532 0.6634357091193616 0.03120324848493612 0.47962635833666656