0 0.4114583333333333 0.134765625 0.541015625 0.0419921875
0 0.4908854166666667 0.2060546875 0.20703125 0.0107421875
0 0.490234375 0.21923828125 0.20572916666666666 0.0126953125
0 0.5787760416666666 0.2822265625 0.3828125 0.10791015625
0 0.23046875 0.3974609375 0.18815104166666666 0.01708984375
0 0.23958333333333334 0.416015625 0.21028645833333334 0.0166015625
0 0.3346354166666667 0.44091796875 0.4283854166666667 0.02978515625
0 0.365234375 0.4873046875 0.48046875 0.05908203125
0 0.2923177083333333 0.53662109375 0.3483072916666667 0.0322265625
0 0.3203125 0.57080078125 0.4264322916666667 0.033203125
0 0.3190104166666667 0.60595703125 0.4173177083333333 0.03076171875
0 0.251953125 0.640625 0.2877604166666667 0.03369140625