0 0.4310006573877008 0.1103559585719405 0.5672591809613495 0.04871158881507605
0 0.5185006976648553 0.18397123427294443 0.21672871363318635 0.013085674645197989
0 0.5186756604439241 0.19772461311890627 0.2154965825151096 0.015110485181380237
0 0.615148671016383 0.26260113894793097 0.4064492122479976 0.116009164684227
0 0.2591648915715928 0.3859337706210268 0.19743896141248046 0.019533003794585245
0 0.269878124210733 0.4051990940688032 0.22050514636591267 0.019225277632644786
0 0.37067660462916724 0.4303015055726289 0.4489409787101987 0.034957496528848046
0 0.40561186014006134 0.4783937181423606 0.5051872728086125 0.06598136836058263
0 0.33272065810427504 0.5304829431874407 0.36553940176912464 0.03677458686657866
0 0.36414749397271423 0.5658697302041563 0.447124423166608 0.03850387730257146
0 0.3650669599342889 0.6025414573461819 0.43745534793376906 0.03587510706399349
0 0.2973406543275567 0.639302411270477 0.30245497734361054 0.03775108738968181