0 0.001860878897803311 0.564816688674089 0.003721757795606622 0.4119630910697968
0 0.06021942224549141 0.5095962960535807 0.026658809773325486 0.15778235948464733
0 0.07794426213531379 0.5110997203677056 0.029213752710864963 0.156944798712494
0 0.16802393185631231 0.4487971712505582 0.16792572373180936 0.2984927831331975
0 0.3027869571218116 0.7216910560785065 0.03410021920975339 0.1439546601242112
0 0.32832340919061404 0.716202145821036 0.034745136640003095 0.16069909473975694
0 0.367470469487073 0.646046444396614 0.0653448261810849 0.3270593798633585
0 0.4317714157180527 0.6264011677657709 0.10788395078476828 0.3687901439967545
0 0.4939271675886855 0.6854600633034499 0.0639211852608165 0.2665356273187001
0 0.5416274733789548 0.6668540824659888 0.06983513532423624 0.325840440219889
0 0.5889192584217574 0.6705341583599236 0.06600920957122328 0.318743264827726
0 0.6316830302313573 0.7240287577144191 0.06233129501429774 0.2207445742124378