0 0.06729964247122124 0.28074516540062683 0.03965596378740619 0.3745920948636528
0 0.09917879227759906 0.2771495893279874 0.042617617697855784 0.3696109428574606
0 0.13487920533470285 0.27767044200833485 0.040643181757556095 0.3729317108615887
0 0.22185080174116148 0.2739568904508382 0.04267861775705602 0.37130585811169786
0 0.25593313770983994 0.27325835356876754 0.03956446369860585 0.37204972198229685
0 0.2852679925168428 0.2718677496943578 0.04582327184510633 0.37140945186821755
0 0.5881115029102227 0.2593458449349386 0.047736707726205904 0.36639376860985223
0 0.6160722808656012 0.26351551251505995 0.03028300158245563 0.375976228848331
0 0.6490148987161292 0.26030913400380656 0.05004664399210689 0.37239503450402905
0 0.685733029772983 0.25994799780486216 0.04172189981650635 0.3738136997408806
0 0.7196476155788608 0.25458844397363906 0.04036868149115502 0.36530459221752093
0 0.753144842473664 0.25221225746341774 0.044470053519755005 0.36290034434485785
0 0.7867488194720675 0.25280217264811167 0.03620630940335475 0.3660139248359467
0 0.8178085014710962 0.25559706003103533 0.045914771933906764 0.37395182474957345
0 0.8502422603217493 0.2528316759594279 0.043696335756805975 0.3704929317367525
0 0.8864057823343279 0.2516403477594515 0.04684098984485629 0.3705965254932721
0 0.9741302379774623 0.2542654627792581 0.041874399964506835 0.3780509878764738
0 0.9949098344816311 0.2490612995828144 0.010180331036737785 0.3724828045833367