0 0.24071495773720966 0.18012646470691543 0.45292280066824436 0.05033332873705064
0 0.2374476828801891 0.2053690276477226 0.44589422640360604 0.05232398038114676
0 0.23817818880827113 0.23292840791602518 0.45193220762398023 0.051086091618291536
0 0.2346976143219515 0.30086083092641114 0.45094161457971604 0.05183885449953248
0 0.23291622903132714 0.32743326593879957 0.4549511982341672 0.05046714723686388
0 0.23276236773928297 0.35041754023588406 0.45306443510042826 0.05525136152393584
0 0.22320546992345022 0.5869682398879902 0.44641093984690045 0.05675688728641773
0 0.22837636423720953 0.6086477161723127 0.45675272847441906 0.04355846280588247
0 0.2258288524152014 0.6349106789939873 0.4516577048304028 0.058463140798619403
0 0.22638273929356514 0.663565748959198 0.4527654785871303 0.05224030999897225
0 0.22091634925557774 0.6903807469123936 0.4418326985111555 0.05055081761903839
0 0.21919161193139436 0.7157905829779674 0.43782784761730903 0.05342805064418878
0 0.22090391040046164 0.7425302911151225 0.4418078208009233 0.04727212909444822
0 0.22491918349433138 0.7670451652335081 0.44983836698866275 0.055117543024122646
0 0.222259544413511 0.792254273549362 0.444519088827022 0.053277471012107586
0 0.22186414829033088 0.8209762527644793 0.44372829658066176 0.05566957815564361
0 0.22690008872262699 0.8891679322083579 0.4519558133626775 0.05190576374943927
0 0.22222265183867432 0.9138668405837779 0.44444530367734864 0.04412725906967144
0 0.22195765439912007 0.9372944055713894 0.43987985092192927 0.05438154127514952
0 0.21774664284969525 0.9635657489591979 0.4354932856993905 0.05028318061941181