0 0.9302452400433743 0.624299136592098 0.1395095199132515 0.38731106352127054
0 0.8030084263339767 0.6282447167831015 0.11949606411746952 0.36838784404029123
0 0.6340361478868858 0.6441468374566489 0.23351904934858006 0.3836789284619565
0 0.4258093926337427 0.6503399493967925 0.18464606932053884 0.39036175158651193
0 0.2606138668382601 0.6596954944740614 0.1468841398428487 0.38992969375978215
0 0.10683097210141801 0.666623935769791 0.163666597717556 0.3970320266792476
0 0.7613846458666678 0.2762286953385465 0.04760796237674357 0.24964772355835835
0 0.7239089416841826 0.26899011489080427 0.04166848348946373 0.2303414511634348
0 0.690493416929314 0.2762343757472097 0.04055429273481138 0.3026382322036256
0 0.659176399038583 0.2763700296682398 0.03704424902902902 0.14255519162144997
0 0.624670434299738 0.27856228248868464 0.03751337426414549 0.1514610440387528
0 0.5926315748240508 0.2806433838444921 0.04938673500031068 0.25226635379686985
0 0.5597703469273112 0.2827615356885121 0.03134213127850447 0.09660546295104294
0 0.5325986800872088 0.28334806948400154 0.04723656545852606 0.27374665057175535
0 0.5028593811478522 0.2821373577975635 0.05011833475995636 0.32845402970661536
0 0.4699981532511124 0.2842555096415834 0.037038651990634344 0.20474795658971978
0 0.4337469248340657 0.2846134664918883 0.06291042961697563 0.2909529995631419