0 0.47886283039223027 0.37912965203753035 0.08889096159765306 0.3128440376890179
0 0.551166966079023 0.3811093271806966 0.09148548270514516 0.3096578530556943
0 0.6286778621616522 0.38592363096859594 0.09382664579834883 0.3036752478407152
0 0.699869705525277 0.38811937814567915 0.08248580091408636 0.305793588163719
0 0.7738080848049668 0.3921624977364187 0.08440635594327636 0.3031243076305606
0 0.8548661618891065 0.39802762777964323 0.1118766809833239 0.31196306174099714
0 0.9367248840586923 0.4030962116645369 0.09189085552800605 0.3141321259863432
0 0.8986676897699678 0.7548053327575531 0.09266616481202296 0.3147337901188399
0 0.8206171242367573 0.75192733336873 0.11253541182047322 0.3192337552533014
0 0.739794686986053 0.747481603624416 0.09184018392514856 0.313572841870012
0 0.6717800881627828 0.7423793138721746 0.09111554624398881 0.31353046185384625
0 0.6030155158569243 0.737514286161933 0.0947032982880812 0.3053954802058742
0 0.5269361769557616 0.7370005632869314 0.10173175344709218 0.31136974151467683
0 0.45007391115000533 0.7330675656896944 0.08479649352498464 0.315386178173679