0 0.521329771838994 0.6519233747803427 0.0906889006615271 0.30207531906374063
0 0.45168547207743814 0.6518938881800936 0.09315394580947899 0.2989064740638807
0 0.3765163606712282 0.6492554973552337 0.09533237127735329 0.29302318823883033
0 0.30789676972818136 0.6489877481688536 0.0843830359012511 0.29538369310254886
0 0.23629621821304306 0.6470028504969916 0.08620315779420723 0.2927356152701348
0 0.15752988494775358 0.6434395224366148 0.11293151502982464 0.30061163832653176
0 0.08832987466513907 0.6409891600912867 0.07324736875827735 0.30260807045401755
0 0.055404569302918844 0.2993406046890282 0.079624917413394 0.30335004759738315
0 0.12335057502296218 0.2998576769603354 0.11367672619802649 0.3076691844720258
0 0.2016224748527072 0.30205272410932116 0.09355521336158769 0.3027066912191466
0 0.2677483586797944 0.3052178742130424 0.09285296617057645 0.3026845702215547
0 0.33454782772988517 0.3081337012318367 0.09620659027641099 0.2946739737315365
0 0.4075313916384506 0.3066451283249316 0.10310005435566742 0.30030194436024427
0 0.4819122699496261 0.30844706590464255 0.08676203719553742 0.30465703390337895