0 0.10477523723492828 0.33626410542942503 0.13450752412333322 0.4076785808489727
0 0.24143833975271992 0.3462457881540151 0.10841505073690873 0.3874964048042193
0 0.4197044572159919 0.3479856192168771 0.22787273696266583 0.40513441461008476
0 0.6385374250801313 0.3640997483054083 0.17604008092231413 0.41143672918724467
0 0.8124279557803328 0.3722536611385893 0.13625775882856134 0.4104462814741784
0 0.9482411045692601 0.3801848268839097 0.10170600995149374 0.41509226897006285
0 0.2628666308036886 0.7176602635735626 0.0382949425832808 0.26212171312932153
0 0.3017235082973276 0.7292668609740262 0.03295364942209685 0.24181861125370416
0 0.3372359308477589 0.7253380571240777 0.028337068624907296 0.3175155093780868
0 0.37009783771659804 0.7285910356696543 0.032259133406602206 0.14981861125370416
0 0.4064350503721439 0.730046082132309 0.03232959155310161 0.1591519445870375
0 0.44017710731834714 0.731349577657155 0.040045177288509 0.2648894137545273
0 0.4747842161676646 0.7327035901612707 0.028436569612148115 0.10161654333662591
0 0.5033258962456828 0.7350373171438328 0.03675608231755091 0.28735401250411574
0 0.5344476338587936 0.7395225950642034 0.03718889664604757 0.34468734583744903
0 0.5690547427081111 0.7408766075683192 0.029292132819641603 0.21494987666995924
0 0.6071069609956353 0.7444326879895129 0.05245786741710527 0.3055966514643008