0 0.2998640776699029 0.523785 0.349462783171521 0.040909999999999995
0 0.3032880258899676 0.574 0.3563042071197411 0.04467
0 0.30549514563106794 0.629795 0.36288025889967634 0.044590000000000005
0 0.3006925566343042 0.67559 0.3575857605177994 0.039515
0 0.299663430420712 0.7241299999999999 0.35984466019417477 0.0466
0 0.29557928802588995 0.77238 0.36246601941747575 0.041425
0 0.2975339805825243 0.82221 0.3620517799352751 0.039424999999999995
0 0.30262135922330097 0.867585 0.36144336569579283 0.041835000000000004
0 0.29853721682847895 0.915275 0.35327508090614884 0.052215000000000004
0 0.7031067961165048 0.698 0.369411003236246 0.05067
0 0.7028284789644013 0.65278 0.3592686084142395 0.02889
0 0.7040000000000001 0.611085 0.357294498381877 0.043835
0 0.7037022653721683 0.568705 0.3653398058252427 0.03408
0 0.7007831715210356 0.52647 0.3616569579288026 0.047945