0 0.5303664174389342 0.31883963545467686 0.06389772940000038 0.2820407488970099
0 0.5983504554739193 0.3208368078354678 0.06878472438888913 0.2872969805832892
0 0.6737433361524627 0.3219851811609094 0.06895771617396426 0.2930321213549262
0 0.7354497115324178 0.3175197489959349 0.0620594206839643 0.28827906581024915
0 0.8013045001219223 0.3161461748493052 0.0715817862470873 0.2904495062422445
0 0.8664049804061714 0.3121717852978106 0.06488793559399439 0.2924743443367747
0 0.9336818897136491 0.3131322715750921 0.062169506365375424 0.2919287008467455
0 0.981091204098874 0.316554220321567 0.03781759180225208 0.29131632295204446
0 0.7756370160575232 0.6415428864275778 0.07722308954123153 0.29831868686151075
0 0.7144805041459167 0.6418312403582098 0.04791741107252269 0.28971579306632267
0 0.6580851750158715 0.6431198798079849 0.06814050176504538 0.28833366668679844
0 0.600982717158319 0.6433718331542506 0.054815706562522805 0.2944688486109999
0 0.5438173531971028 0.6415382807653754 0.07365599285186222 0.2920318358357832