0 0.5418734694688224 0.3123473632245418 0.06900592884802165 0.29710558837402257
0 0.6129507894837889 0.3122016307911654 0.07415491916044055 0.30276435172281146
0 0.6917656479575424 0.3109224455345829 0.07438095539675672 0.3087687185350385
0 0.7562301764096687 0.3042110307941908 0.06713386976529709 0.3035699861153712
0 0.8250552854899247 0.3006030840255792 0.07710307041003872 0.30615388835880075
0 0.8930714361371348 0.2942944864814671 0.07012311851240748 0.308051225808129
0 0.9634014439653238 0.2930856578577429 0.06727771100658929 0.3073909468140612
0 0.9960369355537222 0.29549173920179345 0.007926128892555583 0.30518589703326626
0 0.8007911591528587 0.6424433724602733 0.08306101915550314 0.31457051621593196
0 0.7368684553999496 0.6447593681071704 0.0523650075369889 0.3046067965056858
0 0.6779303519694113 0.6479668187458898 0.07348980196868692 0.3038274479131593
0 0.6182449363520954 0.6501111731942615 0.05961209316844854 0.3098055289253529
0 0.5584773257397556 0.6500721215290961 0.07928336072410341 0.30787726354321604