0 0.9867049499291963 0.2007643834818118 0.026590100141607304 0.14421656505182273
0 0.9305564615770853 0.1998797628939337 0.0649553750930139 0.13882651807963875
0 0.9916218203881942 0.40985303825003316 0.016756359223611586 0.21395806013303348
0 0.9468444320649142 0.4009457180131293 0.06705408398590108 0.1885243895056836
0 0.6937966786053874 0.2101273725033425 0.041766934977432765 0.13669170107078313
0 0.6405880581150909 0.23332601294042798 0.05289936287101193 0.17871384160760384
0 0.5803114332725482 0.2069342620590388 0.06810770258990004 0.12117803223701418
0 0.6686168632679057 0.4044491747623307 0.059507431174461695 0.17739745244662664
0 0.6051496582175947 0.4380976993144614 0.05161938830582527 0.2207096055645149
0 0.5478907864754443 0.4250582980329632 0.05642734494178425 0.20313655317598261
0 0.4932550248860403 0.4275476020180072 0.055498392602355326 0.1917719756075124
0 0.4336427437108566 0.42918445771376373 0.05726960776416248 0.20479239288037493
0 0.36413521637548063 0.4355889087403306 0.07546226395684145 0.20346466357226134
0 0.2929865081538735 0.44368691619833595 0.06638520019762423 0.2062860255294464
0 0.38971689878702914 0.23989981230336418 0.05777956077117978 0.16923140410580295
0 0.3237731981911671 0.22806549814452332 0.06662063640064783 0.13998070018529524
0 0.25563261090139117 0.24843710655085535 0.04954475983434089 0.17370860576738054
0 0.19429727540720626 0.24259815513975488 0.06594693652809043 0.15720296188327607
0 0.1408767472085637 0.24206432524242824 0.04354296622352047 0.15025149266942775
0 0.08746825922062257 0.24287893115955686 0.05924254653902897 0.14773186452861153
0 0.025076621116935895 0.2578624663816362 0.047042051788609256 0.17143795828311384
0 0.028904028303193097 0.4546398034744848 0.0490685194172877 0.21304521482242716
0 0.08076738112715226 0.4199011901236535 0.05768323908556796 0.1584439175901611
0 0.13774691998102834 0.4016568805097903 0.07062967497275402 0.12560617702440935
0 0.14079494940391776 0.6502707279682889 0.04416850525327203 0.1276354877136259
0 0.0912753738444307 0.6692543356903012 0.05188853709881299 0.1581799005008383
0 0.04100022497961608 0.6963662750260909 0.04489573397964144 0.2090810109067219