0 0.1624251497005988 0.181640625 0.25074850299401197 0.0302734375
0 0.1601796407185629 0.22265625 0.23577844311377247 0.03759765625
0 0.46182634730538924 0.05712890625 0.29790419161676646 0.04150390625
0 0.46182634730538924 0.099609375 0.27395209580838326 0.0283203125
0 0.4805389221556886 0.13525390625 0.3001497005988024 0.0361328125
0 0.47904191616766467 0.17431640625 0.29565868263473055 0.03466796875
0 0.4633233532934132 0.2138671875 0.25748502994011974 0.03857421875
0 0.15793413173652696 0.3623046875 0.23652694610778444 0.02392578125
0 0.18562874251497005 0.3935546875 0.2964071856287425 0.0302734375
0 0.14820359281437126 0.42919921875 0.21032934131736528 0.03955078125
0 0.4505988023952096 0.3779296875 0.24251497005988024 0.0341796875
0 0.49326347305389223 0.41552734375 0.3031437125748503 0.029296875
0 0.47155688622754494 0.44921875 0.27844311377245506 0.0322265625
0 0.47155688622754494 0.4814453125 0.26272455089820357 0.03173828125
0 0.47005988023952094 0.5166015625 0.280688622754491 0.03271484375
0 0.4745508982035928 0.5576171875 0.2776946107784431 0.04345703125
0 0.4812874251497006 0.599609375 0.28218562874251496 0.0380859375
0 0.18038922155688622 0.54150390625 0.280688622754491 0.033203125
0 0.15568862275449102 0.58056640625 0.2470059880239521 0.03857421875
0 0.18038922155688622 0.62060546875 0.2934131736526946 0.0283203125
0 0.17290419161676646 0.65673828125 0.26122754491017963 0.0380859375
0 0.16392215568862276 0.6884765625 0.2619760479041916 0.02490234375
0 0.16392215568862276 0.7197265625 0.25299401197604793 0.0341796875
0 0.18188622754491018 0.76123046875 0.2844311377245509 0.0361328125
0 0.4550898203592814 0.79052734375 0.2432634730538922 0.0419921875
0 0.47979041916167664 0.75537109375 0.2926646706586826 0.02783203125
0 0.43488023952095806 0.724609375 0.21631736526946108 0.033203125
0 0.41317365269461076 0.69091796875 0.16991017964071856 0.041015625
0 0.7582335329341318 0.6904296875 0.17440119760479042 0.025390625
0 0.781437125748503 0.7197265625 0.21631736526946108 0.02978515625
0 0.8158682634730539 0.74951171875 0.2874251497005988 0.025390625
0 0.8173652694610778 0.78173828125 0.27619760479041916 0.03369140625
0 0.6167664670658682 0.8466796875 0.21706586826347304 0.0400390625
0 0.8211077844311377 0.84912109375 0.19011976047904192 0.044921875