0 0.020026416905577677 0.7249017621378454 0.040052833811155354 0.16428187384386936
0 0.024897782470468123 0.5168396303289344 0.049795564940936246 0.17926890554240996
0 0.22668533514059183 0.7187284228613523 0.056158667120181124 0.16404118495616327
0 0.2792819323300941 0.6979487638118596 0.07084598541045034 0.20558665412747115
0 0.3341821372296395 0.721725402386699 0.07950192271415987 0.14688209584033288
0 0.27355846584352433 0.5165260289699736 0.0731882204342001 0.16872736588558848
0 0.3375283144065418 0.4850968842713155 0.06976331661699978 0.2101670786596202
0 0.39042888506502377 0.49816787460574913 0.07267991630567601 0.19333620671095814
0 0.44256158648682475 0.49638676573207213 0.07073010346933024 0.18249562598012242
0 0.49932315550429157 0.49547360398728374 0.07363550906699556 0.1949079923851513
0 0.5660052730964409 0.49011713979584426 0.09079213841314564 0.19344196310823408
0 0.6344328728653916 0.48316190343212573 0.08243476153452094 0.19623470998150216
0 0.5182317840808014 0.6933763863027136 0.07442539848247741 0.19493497888323713
0 0.5796002005151333 0.7082102573930107 0.08062863186521206 0.17205984272057678
0 0.6461938693888583 0.6890045736127793 0.06746548995407267 0.20341897590031738
0 0.7040933416483882 0.6921569033414379 0.08088819697336903 0.18181658433783585
0 0.7547733402713566 0.6965819776702753 0.05961641720397216 0.18160288194821594
0 0.8053262628621939 0.6948548417927704 0.07396150271477606 0.17593642870742165
0 0.8737924899448511 0.6802025960466022 0.07944090721843107 0.1976715631652652
0 0.9255762575320179 0.49091510316744585 0.05428610891124873 0.16859462299022646
0 0.8862971275068712 0.47558307666009164 0.06662036608997805 0.20287705634352904
0 0.8332200274147614 0.5081792095616526 0.06967523590179664 0.15065073583483354
0 0.7771158587367507 0.5249743366319565 0.07888893073552686 0.11915667016466296
0 0.8017890501316624 0.28761718306825046 0.053943876131783496 0.12138270057812464
0 0.8508946829675619 0.27003506836331614 0.0641460099934238 0.1504618303482315
0 0.9016187219481318 0.2447019712797603 0.062284277872281184 0.19913759244218232
0 0.9483602835830913 0.24182243524592945 0.06461531880501994 0.19152154255399084