0 0.11889461905495194 0.30501098548434136 0.06384147468213715 0.25121973361653915
0 0.18098071177018374 0.3058480250429195 0.09748454514385543 0.2580600166070307
0 0.2882462301526175 0.30153325738034925 0.13668915680134242 0.2522018600319376
0 0.39316648541163884 0.3055081891232416 0.11590866074576125 0.26086309296791355
0 0.5219551826020198 0.3014835951743117 0.14496730249670683 0.2523134653064147
0 0.6721399953454137 0.3092692868731197 0.1843841092262983 0.24901285348835492
0 0.874498091688484 0.30751675224555264 0.18279264618551425 0.22983126781060556
0 0.8011176871502623 0.6425806725965424 0.09769420233267201 0.36025020161388344
0 0.8815748466993737 0.6417450851911953 0.11104533298130707 0.36170754243156356
0 0.6312565540912171 0.642210923037537 0.12255087407929043 0.32098771581309027
0 0.5469465312534356 0.6295524373037732 0.10028501251897753 0.31174613544983354
0 0.4771238978533638 0.6420532235000378 0.10368013367264982 0.3526668515623655
0 0.4098266395996644 0.6341048121674843 0.09257928594163788 0.33846642906931007
0 0.33826324524334905 0.6376207101317894 0.1134017134349825 0.3502432331347047
0 0.2716877040231339 0.6309622317052003 0.09663322697214943 0.3474624778287172
0 0.1968130513886729 0.6344334875597145 0.10593041659027294 0.33992376988699
0 0.11662113567969201 0.63207214401877 0.11911128360456683 0.35926160294900733