0 0.8846790737962369 0.36354151330049356 0.053916696487668454 0.2600030989593683
0 0.8209035635921552 0.35952432408365775 0.0881777256393567 0.2687072796650403
0 0.7114323673796948 0.3467092468196767 0.12874662846045756 0.2647166009737889
0 0.6033402006169788 0.34253147832851194 0.10698417811635835 0.27251032708465595
0 0.47176016086710354 0.3283237754693611 0.13725002982100198 0.26525222620270034
0 0.3167755747666387 0.3244809081141966 0.17791790212590738 0.2638862194274595
0 0.10946577816601762 0.30681847667573925 0.17717563099737382 0.24420118005738076
0 0.14324474089967337 0.6542526044111301 0.08363310363099145 0.3731585310765489
0 0.06083597481524782 0.6470885357536812 0.09728803054976445 0.3753278674008123
0 0.3174902416779765 0.6672014255408224 0.11101064125787247 0.33429724215668505
0 0.40552063836870206 0.6609073417765629 0.08855540452714175 0.3237182648554786
0 0.47557927987124554 0.6791325587355829 0.09013891626801344 0.3657130155116466
0 0.5455793371081704 0.6763068378436279 0.07939050247443573 0.35063456969889495
0 0.6185353922121929 0.6855063906652845 0.10024402841686215 0.36373109387032965
0 0.6876356245711611 0.6839394432084435 0.08313825621196916 0.3600351714964964
0 0.7639930402194013 0.6933532461216648 0.09304542939320876 0.35280390602315853
0 0.8465255181585823 0.6972364748841005 0.10569246242650424 0.37323882071371334