0 0.8879938031489315 0.6025277503512957 0.17708766244764154 0.26526152563995836
0 0.7403747555298839 0.6079281822303669 0.09182063433369105 0.2546772582823871
0 0.29844982074371806 0.6211094163683434 0.059904459541976644 0.2669464616391821
0 0.24826507770728307 0.6269266308003518 0.05978050225540279 0.28137405716885794
0 0.12076441448415783 0.6256191443410635 0.06554389372694769 0.28606383960768633
0 0.008283283624303795 0.635116608082378 0.01656656724860759 0.2751306921104184
0 0.9297859052652414 0.31608868692710856 0.11945985483414244 0.25270244166296996
0 0.8704668781064459 0.33094911025351875 0.039716796507391045 0.258743029841201
0 0.8458867963828258 0.3313506777468236 0.026016897099337993 0.25376290160242254
0 0.8235029240037229 0.33565317739246636 0.031641731293556734 0.2554616571220088
0 0.8012576089019463 0.336964650118867 0.030409315788372783 0.24596103729774663
0 0.7789661080410608 0.3392731318183483 0.029754222272048363 0.2489230296369938
0 0.7568593502166107 0.33759357762550657 0.035148127670723145 0.2456367402911762
0 0.7355924289449197 0.3348879798795891 0.035748542539137076 0.25859785694122606
0 0.7117136264967329 0.3372545307390604 0.034700870070388114 0.2530852730092869
0 0.6942302161568609 0.33839179598549096 0.03010061546536394 0.2564005969350995
0 0.6704899709860003 0.33776731992572007 0.033275218639967116 0.2565167352550795
0 0.6473355406928011 0.34160034966481756 0.028444035239399167 0.2548470143154883
0 0.6267698986965435 0.3408597352850665 0.03208898889389195 0.24801312440389808
0 0.6007410726629481 0.3383283450191191 0.04958699922451615 0.2665690120992468
0 0.5095405100317699 0.34017180825892374 0.11485960022911827 0.25601776558878253
0 0.3872490091708845 0.3461386470377759 0.1375290800516756 0.24938220111053208
0 0.25718265053037187 0.3489063002107955 0.13457691278381426 0.2711712256183338
0 0.1268160844556523 0.35815451170884 0.11990711243447758 0.24525390894485924
0 0.03209414296207513 0.35332131691371427 0.06418828592415025 0.26245008800706804