0 0.2871563020023027 0.0569100225794402 0.45879597453239607 0.101036334457801
0 0.29692137709966515 0.13946692611951322 0.5020423973976411 0.07150597331794886
0 0.2922280305231958 0.24145409623806424 0.45568442943711956 0.12272027568074048
0 0.29801800266690526 0.34568862392536065 0.43914248507656867 0.058021827905476484
0 0.31999630025490483 0.6481152343058246 0.4612221469512131 0.03593397418325368
0 0.3149876719975474 0.6822666520974898 0.48623516873921685 0.035574281213983136
0 0.3302054991894052 0.7697474515772015 0.49421828219901154 0.03943135205069412
0 0.3266361462313859 0.8608894925464248 0.4758724744386988 0.03549847630538959
0 0.32373569387051554 0.8863736509246304 0.4945390301689153 0.02966568215572586
0 0.7827692949021071 0.20869395649013614 0.4344614101957859 0.11715873544032207
0 0.7659210476714142 0.26879661591645154 0.4475148764526867 0.022267013921561756
0 0.7677194447821605 0.28563246610834575 0.43923020194374035 0.012981061434470748
0 0.7625189107111492 0.30078911519939694 0.442031968253276 0.016800229816885087
0 0.762499723790397 0.31598366674474493 0.42559421283920723 0.01613731721324087
0 0.7607534211528918 0.3311655841386606 0.4307454038845512 0.015632331502499514
0 0.7659155813823987 0.3463980381383052 0.4249115916103217 0.019388329127752856
0 0.7727747012237434 0.3611002381243441 0.4473640959281108 0.019552573096371748
0 0.7710887107960684 0.3773679318483358 0.4378348033810543 0.018940197098456475
0 0.7708885872458252 0.38930515440345576 0.44369877176019884 0.01572708763824126
0 0.7743839439684094 0.4056107505817442 0.44381939617985927 0.017898640298393265
0 0.7700771238606897 0.4213166049135495 0.4410477859752391 0.01462236008101693
0 0.7734518561636134 0.43545064843168596 0.4291087564825435 0.017248361846181347
0 0.7750384269203955 0.4534101774079528 0.44992314615920914 0.028876428037759527
0 0.7830551266430394 0.5158612676144714 0.4338897467139212 0.07377190176729469
0 0.7871015201422186 0.5994470938031753 0.4257969597155629 0.08942090241765514
0 0.7818399951510164 0.6885060211722723 0.43632000969796714 0.0869844129239742
0 0.7915653115315546 0.7774828265570596 0.4168693769368907 0.07743314325680617
0 0.7932622802949254 0.863909435085276 0.4134754394101492 0.08146709221356835
0 0.8058559483156668 0.9532341757464721 0.3663952836861092 0.09353164850705588
0 0.3238755235139943 0.9569509397045108 0.48579654779722614 0.08609812059097824