0 0.18737142857142858 0.09071301247771836 0.3303142857142857 0.019019607843137255
0 0.1916285714285714 0.11259358288770054 0.32292857142857145 0.015240641711229947
0 0.2 0.13576648841354724 0.3333285714285715 0.01802139037433155
0 0.18265714285714285 0.15656862745098038 0.3462571428571429 0.02001782531194296
0 0.18334285714285714 0.17483957219251337 0.3317714285714286 0.014955436720142604
0 0.18530000000000002 0.19666666666666666 0.32298571428571426 0.017032085561497327
0 0.5191 0.31349376114081995 0.29851428571428573 0.04270944741532977
0 0.5194714285714286 0.3466488413547237 0.28974285714285714 0.015935828877005346
0 0.5151571428571429 0.3890463458110517 0.29064285714285715 0.05716577540106952
0 0.5108571428571429 0.4543226381461676 0.2788714285714286 0.05897504456327986
0 0.8139857142857142 0.3380392156862745 0.2978285714285714 0.0898306595365419
0 0.5158142857142857 0.587860962566845 0.28877142857142857 0.023021390374331548
0 0.5261 0.6268270944741533 0.30617142857142854 0.05737967914438502
0 0.5162857142857142 0.6752495543672015 0.29605714285714285 0.03934937611408199
0 0.5171285714285715 0.7006417112299466 0.2977571428571429 0.018823529411764708
0 0.5256571428571428 0.7283422459893049 0.3275142857142857 0.02868983957219251
0 0.8229285714285713 0.603475935828877 0.30934285714285714 0.04434046345811052
0 0.8232714285714285 0.6725044563279857 0.30051428571428573 0.0893048128342246
0 0.1858714285714286 0.655187165775401 0.3177857142857143 0.10814616755793227
0 0.16357142857142856 0.4024420677361854 0.2985714285714286 0.08592691622103386
0 0.17817142857142856 0.9098128342245989 0.3246 0.10245098039215686