0 0.18752684286888477 0.040046385367271994 0.3588853640155747 0.022909021616400918
0 0.19196389748011394 0.06377453639281093 0.35108525327140716 0.01898428247970322
0 0.20104578633867784 0.08898712471081335 0.3619819201804644 0.02196441050125409
0 0.18509827745285914 0.11062911836514083 0.3701965549057183 0.0239661670977865
0 0.18279566895237886 0.13092734268480324 0.36040202345774264 0.01905180309944646
0 0.18412713350149623 0.15463298683709442 0.3511033210658512 0.020918518456492417
0 0.5462977302324975 0.2839587474867712 0.3249677885573383 0.048773631697329484
0 0.5459589590866732 0.3202256720515681 0.31538000145434353 0.019692571425748803
0 0.5408714638754615 0.3661300161904393 0.3157955607265545 0.06417999889189968
0 0.5355490873364783 0.43717942802756954 0.30339126827255125 0.06602420737569782
0 0.8504016410944607 0.3122766067517041 0.2943906844889852 0.099805816349765
0 0.5396333023104879 0.5818029543207435 0.3138994776010634 0.027418261896281545
0 0.55088177356564 0.6244405465847842 0.3328763060681694 0.06430378669476228
0 0.5395243778982618 0.6765861439017247 0.32182606290633864 0.04488265287050328
0 0.5400433093429633 0.7041546332892822 0.3231710783012889 0.02265019257405178
0 0.5490800287154173 0.7342028115492575 0.35587914682290456 0.03352481261549348
0 0.8492623347533664 0.6004890207299141 0.29081533177133073 0.04949317407999886
0 0.8516677977807747 0.675463171703742 0.2850648804054279 0.09877117774162715
0 0.18025559089631532 0.6522208185844198 0.34581359845826953 0.1195195395262446
0 0.16072454279468848 0.37786844060688524 0.32144908558937696 0.09519529514026953
0 0.17294660436756504 0.9287546693638395 0.3458932087351301 0.11377309877899654