0 0.8366761662132173 0.02071476832423726 0.3266476675735655 0.03585742866772317
0 0.8371901752457516 0.043828121915056646 0.32561964950849676 0.03208413584936195
0 0.8314818980809284 0.06963676577089271 0.3370362038381431 0.03562450048411101
0 0.8379709598548963 0.09149713678900313 0.3240580802902072 0.03703755021263952
0 0.8429662584435059 0.11102652268106002 0.3140674831129881 0.03186555276598407
0 0.8456961889084856 0.13499212319172893 0.30860762218302884 0.033642907633475695
0 0.517786898039914 0.2774931149621944 0.32727774655127656 0.06138180096250581
0 0.5214953998787777 0.31355080726988677 0.31505168582092624 0.032098480949596164
0 0.5308224651709681 0.3590053011095858 0.3196007814099325 0.07632925018036539
0 0.5427207584047706 0.4294597949492848 0.30745288916232605 0.07766943888110124
0 0.2018830732400927 0.3194619941244495 0.3309758859403274 0.11227047839625164
0 0.5521040845011395 0.573464808546559 0.3142996230033405 0.03971792761411122
0 0.5448813192513322 0.616318958562696 0.3365760900519076 0.07713072148608437
0 0.5610240310350985 0.6677320082912246 0.3237957532687112 0.0573899250607667
0 0.5630708874943633 0.6951722849589671 0.3230644153507513 0.03534740147317472
0 0.5568773230885647 0.7254171434334151 0.3565596499642254 0.04745440613374311
0 0.2266247781742639 0.6052575002847504 0.33200626956327584 0.06256192250742218
0 0.23120259555482925 0.6799224531095664 0.33087699255795766 0.11130893993471318
0 0.8693616118653428 0.6291864619086018 0.26127677626931456 0.13164696968260614
0 0.8729368671962237 0.35578883675672907 0.25412626560755264 0.10600556553270676
0 0.8859665204325791 0.9040771703669129 0.2280669591348418 0.12565915582999748