0 0.08978470523311342 0.6703385787792321 0.08966771499537547 0.27091909465947445
0 0.16482647413911983 0.6722256998362167 0.08547277134781896 0.26766345974097144
0 0.04692791482790044 0.2861605951588574 0.06791617285087106 0.18334226000977313
0 0.139847172541888 0.28770617707682083 0.07868837528149866 0.18581109521114084
0 0.27965152819188505 0.7139530957997708 0.09454945369321696 0.18505729777008048
0 0.3625968158279121 0.7150581317504878 0.08250503226731669 0.18339412072931977
0 0.4368943933329283 0.7157273363448261 0.08245099131563977 0.18258374795784488
0 0.5164429696740659 0.715605026611161 0.0878100720551151 0.18341297917279142
0 0.607981926489427 0.7163355211467817 0.11162871014853101 0.18268746939693808
0 0.3462595532372609 0.4998970890076057 0.09912268400251209 0.19398554208890761
0 0.4370543186516317 0.49940966708058016 0.09138128812752233 0.19719874550959998
0 0.5160478469226484 0.5009057455844309 0.08188130469216727 0.19392425214762535
0 0.265043635149433 0.2861257758751477 0.11687970898465248 0.1818959550689347
0 0.3638770216730169 0.28688220077054166 0.08377725126258936 0.18258846256871278
0 0.43552207928413383 0.28754197614314425 0.07056869274477026 0.18335168923150896
0 0.5190494354661203 0.2874338102420828 0.1023448905198838 0.18265446712086297
0 0.6067176943439865 0.28977090648804965 0.07874241623317574 0.1866214679826157
0 0.8556604221981834 0.6625287778316894 0.091072779738976 0.2919887867178213
0 0.9245178575362086 0.661153192053869 0.07802634407618768 0.2951831316950422
0 0.9740005129298884 0.6626139109762108 0.05199897414022308 0.2927991594892962
0 0.7117016240671188 0.352933106703311 0.10606920292386333 0.27826902493316297
0 0.8004799790852268 0.3520334264742462 0.09015408356046781 0.27821244960274855
0 0.877592199339173 0.35514317860474487 0.08590509896123452 0.2741464419127705
0 0.952390783962633 0.35338362219009256 0.08346874287404302 0.2773785037769342