0 0.05390053421066406 0.3341728622248231 0.05873496845194129 0.2734412658509201
0 0.10441867797617667 0.33171086785847487 0.10031257819370541 0.27244190937590235
0 0.15260420383588053 0.7142838277543171 0.08802657682506151 0.18404758194090573
0 0.20968689088202377 0.292671663504211 0.10458268546754063 0.1914355621162775
0 0.291180656588415 0.293033688701044 0.09263549103175914 0.18967642411850674
0 0.3642382444024462 0.2936733499016102 0.09253656744311124 0.1888802457745577
0 0.44261668792000775 0.29518331447273555 0.09785742314664171 0.18975054914511683
0 0.532645555107407 0.2960638820097844 0.12125719407496503 0.18928793342091302
0 0.31603072456893055 0.5087702230262564 0.1084991345537025 0.19149115588623492
0 0.40555523562494145 0.5108357924509025 0.10106193073597075 0.19456468172211605
0 0.4830830904508468 0.5107441347058035 0.0915278551803345 0.19125024954975228
0 0.2762196590215996 0.7180254773678523 0.12539096671471994 0.18060409666408353
0 0.3734286828669623 0.7190079668164899 0.09285281458535224 0.18093699359171983
0 0.4438753046235522 0.719610565503751 0.07989690788679395 0.18154785936914355
0 0.5261701972272756 0.7211761238448339 0.11112957698744101 0.18119643118485504
0 0.612084768151217 0.7204087409240272 0.08812550041370955 0.18484376028485497
0 0.787463596386711 0.3541230373342714 0.10709781135065799 0.29558667512038217
0 0.8555960228518036 0.3570771085400747 0.09293534521202702 0.29697518798510264
0 0.9232832931679802 0.3564483771981073 0.10719673493930595 0.2963828534643313
0 0.9726767397848999 0.35623626628476696 0.05464652043020025 0.29460518420990806
0 0.703585438419444 0.6597152056015927 0.12009267080181081 0.27431223491358814
0 0.7912011867266979 0.6621510673132346 0.1044268744571633 0.27408985983375805
0 0.8665729698322264 0.6604392559952588 0.1000158074277616 0.27005337434405513
0 0.9405800699265617 0.6634767178559984 0.09780053572491221 0.27320102520654654