0 0.33151558795003705 0.3530861302944777 0.46356098451156336 0.038403424141750575
0 0.3306386988309619 0.37320435414409087 0.4578575624583314 0.03814502530394595
0 0.33166295039629756 0.3932364450477692 0.46356098451156347 0.038403424141750575
0 0.3345883426460438 0.4131824030055126 0.46914257593404324 0.03731773695804983
0 0.3318712281579341 0.43271471679030804 0.465462125195974 0.03848955708768535
0 0.32897136772369634 0.45426315960736147 0.46356098451156347 0.038403424141750575
0 0.3110112013721316 0.5688550032190581 0.45749207056607544 0.03411276723942982
0 0.31108488259526185 0.5889301605957038 0.46748509651113673 0.03991977605512566
0 0.30551605708053614 0.6085916737994016 0.4636828151423154 0.0397475101632558
0 0.3045782526460851 0.6293819406597675 0.4579793930890835 0.039489111325451326
0 0.30268987786942875 0.6502152739931009 0.4577357318275795 0.036800939282440576
0 0.30187390406572967 0.6696614548319613 0.46736326588038474 0.038575690033620276