0 0.7324402252896252 0.40102078196341207 0.03079292021982029 0.33431079858118223
0 0.7032460267940327 0.4023071218309639 0.030725005510856617 0.3301899194603031
0 0.6740291900621189 0.4049670880721421 0.03079292021982029 0.33431079858118223
0 0.6447897150938842 0.4090006806869466 0.028915309636954944 0.3383917092566789
0 0.6165909174805273 0.40889340995818085 0.030815558456141364 0.3356844249548086
0 0.5854738319294271 0.40884609189748883 0.03079292021982029 0.3343107985811824
0 0.4201947350692644 0.4067489042605024 0.024888429635370236 0.33007001412415543
0 0.3909892174555113 0.40872205731486744 0.032783721984291345 0.3370980197738176
0 0.3628243771966362 0.406554347025662 0.03273844551164908 0.334350767026565
0 0.3326574160551292 0.4078606711159052 0.032670530802685414 0.3302298879056857
0 0.3025017740317829 0.4084801820193351 0.028779480219027823 0.3301499510149207
0 0.27428033818210484 0.40974653766419566 0.03083819669246255 0.33705805132843497